127
961
134
647
274
584
1502
544
71
138
184
4567
836
1159
481
234
92
270
1165
852
159
2031
105
558
287
726
133
304
428
265
507
353
1571
1347
966
1390
1747
1103
2436
170
1062
1543
690
963
167
577
1305
305
137
8343
240
1432
68
1037
5999
432
414
7054
773
263
354
8571
270
558
2319
202
296
130
831
94
522
824
470
1876
152
775
3080
2158
714
146
1365
7668
190
204
220
480
1482
881
2382
1129
1286
5513
250
950
1346
895
2705
178
2663
1475
162
405
189
155
2861
87
321
480
395
1120
1887
253
111
390
1472
839
4532
725
1059
467
288
546
791
378
2369
330
1620
2627
638
302
730
463
119
434
2846
6632
495
845
167
301
250
347
239
2109
797
119
301
1756
1924
397
365
559
548
342
2200
1288
2146
364
381
8630
909
1525
285
617
1937
444
826
1600
104
620
1193
554
1774
207
681
777
1995
383
315
920
379
299
267
517
461
1502
1206
202
1786
370
625
957
10200
741
190
162
305
2928
278
850
827
547
487
298
267
1109
1933
578
1205
663
1511
918
699
653
1126
1773
711
343
339
189
89
1519
2061
181
5953
206
224
1251
1036
1088
692
266
316
264
813
273
463
404
1578
143
132
288
4831
608
49
685
865
1613
981
1321
1323
477
1197
366
571
415
333
1423
1481
445
237
800
773
2169
808
1574
50
751
2063
399
66
854
1254
286
770
200
1078
237
325
6314
1741
979
803
402
377
377
1445
67
513
114
484
289
263
73
311
1032
699
709
578
232
133
1099
274
51
3977
266
187
816
1012
637
748
107
3337
2421
291
142
544
475
2319
518
1225
552
642
2837
293
1026
695
655
617
260
257
110
374
62
774
513
515
1555
1338
243
65
2652
4311
309
171
462
789
1571
828
403
425
154
607
4368
642
3926
351
68
1237
4488
288
1066
1689
2383
767
1088
282
3864
464
584
4897
217
108
1564
241
1872
320
1892
993
226
882
663
423
319
4221
329
185
742
350
533
1606
1352
1234
1452
766
320
699
548
408
42
2377
660
258
937
1146
223
5825
349
724
543
643
328
3677
2098
1071
192
119
276
91
274
1300
549
515
1616
1269
320
4343
772
345
261
427
305
1272
2069
742
117
1196
9398
820
225
57
1076
490
622
743
269
2024
3253
4693
885
579
459
659
133
1186
60
829
1794
415
10267
126
1086
879
235
3162
101
738
178
9255
584
761
108
3107
3396
1206
1966
103
2799
1284
322
1753
798
894
300
3819
340
204
467
124
108
138
1431
2200
1128
330
1238
1413
308
462
389
438
129
1665
147
482
462
944
457
252
513
2286
3635
3861
309
343
3881
158
321
363
785
798
411
250
586
500
206
581
179
1288
444
602
134
646
270
251
2644
726
1149
237
729
3387
287
440
599
1808
303
311
318
233
94
350
1372
841
3175
2628
741
735
683
3699
555
289
2507
1972
397
2481
31
1591
1220
511
1447
166
689
661
325
266
162
477
223
5673
242
695
205
159
4649
49
1080
1176
1810
293
578
204
992
170
567
337
1233
972
149
222
1180
4949
160
1460
136
2100
180
199
151
2233
249
316
375
564
234
566
665
978
662
511
277
28
294
405
698
2358
823
894
125
777
270
2783
372
643
7496
820
767
236
432
380
478
695
240
250
292
840
430
4546
653
739
213
1193
480
105
368
260
749
132
283
525
1027
216
794
416
1306
1055
1062
73
847
382
3564
393
738
428
1578
4110
1306
993
2669
104
1372
649
2101
232
293
3205
1489
4757
189
1734
114
533
208
255
643
2162
7318
3710
727
1760
520
125
440
812
3225
284
682
440
60
1060
1461
1286
122
327
351
470
194
165
440
163
286
174
158
208
3175
459
283
419
1162
607
118
3978
451
101
120
7734
272
248
191
2582
613
522
345
870
1415
697
5546
334
3316
520
226
184
983
1934
6025
992
469
2931
91
106
2646
163
1664
1490
1503
206
2312
2528
1545
339
85
74
222
510
486
436
933
420
221
2225
249
130
266
307
996
339
397
192
2327
548
2212
846
191
422
261
339
283
231
773
6285
114
493
1692
1153
104
1418
488
247
591
2783
321
759
1365
1500
221
296
1647
211
843
1285
1374
2005
1790
7118
252
544
4810
855
234
882
463
905
222
101
1345
1170
485
337
257
8035
217
2007
375
791
2494
869
339
47
172
788
175
643
2832
7679
6679
553
14730
392
457
2082
1925
96
869
1164
88
1823
523
401
305
806
5401
513
182
423
592
423
139
325
2700
396
88
1451
332
205
138
253
188
1443
205
2209
94
1631
308
730
217
122
457
447
232
183
416
530
515
134
276
153
3571
372
583
166
672
150
115
123
562
94
773
527
653
909
175
1083
2084
331
531
3627
1737
3203
820
823
576
373
801
1406
1091
340
671
696
218
810
432
979
523
149
133
242
811
212
106
555
414
321
452
152
314
4428
251
715
4035
5266
120
132
2134
326
72
240
624
485
342
766
284
232
852
430
1322
66
482
1349
886
147
870
436
444
775
677
276
1277
2931
1108
354
280
126
485
430
684
110
399
448
70
743
445
327
703
725
294
702
385
135
4046
1202
598
233
3883
775
1618
351
1398
1737
197
190
436
272
1020
29729
774
533
464
205
646
3125
64
341
2370
334
3236
3125
2358
102
605
87
408
1687
337
321
258
353
1020
322
1408
921
3451
155
534
231
537
377
826
703
644
345
568
1101
621
734
538
333
270
938
913
250
1362
4355
618
287
2833
103
182
636
451
743
1214
4377
271
615
392
301
138
555
681
1159
676
387
533
138
1214
443
183
124
1528
419
242
1182
91
364
379
1024
664
1022
768
604
514
255
1044
223
789
182
327
2027
902
1131
2304
2081
493
2521
2074
616
1602
76
235
298
95
959
415
514
167
569
341
296
885
869
272
671
444
694
2016
1800
2582
245
241
3658
683
1461
776
2778
224
349
161
1009
784
1924
222
230
2430
710
622
5759
2480
1186
687
308
170
212
15055
110
567
210
358
480
2342
566
706
283
280
784
240
397
1275
771
1033
1066
77
344
258
104
792
443
181
409
266
1478
1033
187
2814
962
846
2178
249
225
2639
599
590
416
194
420
639
836
775
794
317
338
281
475
708
345
133
423
146
491
357
404
96
3209
81
2853
1769
277
522
525
3784
175
103
2912
167
1599
308
241
287
424
512
455
2098
241
258
260
676
604
104
889
1087
1653
2647
2958
904
342
640
981
365
691
50
760
1664
707
4586
170
299
417
6113
195
394
854
752
15556
443
491
1138
443
70
593
281
191
1408
53
1120
263
1677
267
1204
471
229
402
329
982
413
114
663
632
517
479
865
1712
135
517
1108
847
91
1500
933
175
1493
687
320
2547
1649
1795
424
540
612
331
43
594
492
664
145
760
606
101
362
825
5543
155
308
418
865
1909
306
515
423
12425
462
322
167
1157
1121
69
847
383
754
171
535
7075
2350
314
1434
205
450
430
108
464
54
433
246
3638
1064
459
110
453
1368
1533
293
629
162
779
5899
148
328
695
184
876
449
400
596
172
549
263
1508
421
279
2144
731
103
583
181
156
2493
126
135
48
141
4746
729
902
221
1062
3823
3542
130
296
5123
718
5759
1428
5399
5192
392
68
1269
352
301
86
1239
151
803
376
103
833
820
113
226
550
1273
315
2959
142
1098
325
236
540
671
108
514
338
536
287
3001
1219
1324
318
566
1280
432
262
159
1333
732
901
138
242
333
1943
2529
183
291
273
511
116
173
189
1020
545
221
519
962
497
164
245
1093
1596
1444
116
3167
116
149
1434
1578
3539
1550
783
1010
2259
2535
580
78
130
258
154
1353
1006
816
727
161
70
636
629
73
811
866
6422
4763
308
108
69
173
271
461
613
194
205
1422
190
2512
330
3169
454
1472
214
221
918
241
64
309
2257
688
612
252
10295
411
299
414
1354
2489
721
826
1826
476
1441
2484
589
970
734
1243
353
174
324
1557
1024
1455
4625
5114
1899
740
2532
296
1431
563
624
3935
2543
357
1394
700
216
285
8034
484
887
678
307
110
842
210
491
1353
106
611
1494
887
198
224
653
946
466
888
88
1014
801
396
744
171
116
2052
405
1073
648
97
968
634
842
1784
93
493
226
499
804
2105
139
387
618
856
1637
2416
205
207
175
627
497
3902
617
515
228
302
6268
1634
4153
793
238
347
492
1055
171
293
311
528
1165
345
614
2136
97
700
234
629
711
544
126
200
3032
2508
298
117
426
1399
345
293
309
1252
410
229
229
234
473
185
533
632
572
873
1207
763
362
183
445
286
318
335
891
243
979
1206
1427
161
361
226
2579
128
1700
1601
3173
406
597
3754
1629
300
307
1013
147
464
129
1036
94
443
182
1568
1077
959
445
6113
852
455
674
671
437
2296
490
6838
851
964
308
248
203
221
180
588
520
173
782
206
477
256
144
261
189
133
14412
538
734
1053
1364
451
854
418
1024
367
100
1306
1654
181
951
249
123
659
263
1098
4576
8698
134
128
1069
2210
437
82
3394
224
972
1369
533
875
213
913
233
318
564
536
366
75
1564
182
147
85
325
269
1963
1847
2045
1030
2224
9100
157
1149
1545
1019
639
1555
1277
320
216
712
275
1280
281
186
480
1888
686
371
242
1083
277
1533
310
1765
534
625
109
746
467
2202
1146
619
384
224
201
331
475
245
200
1211
2264
795
261
153
1738
3848
3588
495
1926
175
261
543
2456
229
252
386
817
409
1697
1228
163
226
686
364
274
209
1004
1060
365
2409
102
712
591
142
863
794
508
406
242
7684
247
166
6633
585
660
75
418
240
113
3980
898
1756
113
2481
737
141
802
479
753
157
641
3300
432
1685
833
503
973
387
111
217
118
174
1641
1906
196
665
112
1030
289
348
762
4477
81
156
163
4719
2733
1750
387
424
659
2245
933
1106
536
647
377
573
1185
250
861
601
1180
113
2497
228
1901
101
167
218
415
2505
257
181
113
1680
2172
499
151
3878
529
2423
302
605
542
1695
187
269
1123
899
655
282
7684
1101
613
1175
4800
1104
440
213
813
576
480
839
315
259
486
1259
854
159
748
517
199
621
427
386
1042
498
275
378
58
5191
685
911
97
208
467
204
333
1299
980
606
111
355
1244
899
115
9419
432
73
177
402
338
935
197
189
774
142
851
632
72
7054
136
230
336
983
1183
2074
660
212
640
1109
663
596
206
871
2930
990
252
995
640
3555
741
116
219
761
1314
474
306
240
2910
306
135
4434
867
698
955
299
427
2352
4402
1473
468
678
269
118
107
989
1156
252
369
339
228
335
183
1768
912
914
453
901
314
750
212
3624
228
155
441
1757
1296
435
849
525
336
299
287
1259
460
1690
2431
564
130
666
102
276
1129
112
458
1103
223
132
247
3120
217
39
259
3144
326
440
605
146
410
312
808
215
992
185
185
1199
1927
209
107
801
310
1448
1484
134
1277
1402
80
716
133
578
338
646
230
195
117
82
873
923
185
51
632
275
1137
837
211
522
1061
980
297
412
85
1149
2061
1217
362
3397
5186
105
1078
999
170
354
3391
152
1040
413
857
823
1088
206
697
1337
7647
1890
62
221
522
2900
160
310
3917
6530
100
2932
2074
146
315
392
632
455
1381
227
94
1540
404
2013
74
1082
333
532
250
804
310
314
1663
31
197
881
323
504
1026
812
257
1919
1338
360
231
123
90
1680
966
4461
194
460
922
284
89
653
3077
810
343
230
456
321
483
237
871
314
539
263
665
319
170
341
1578
487
403
115
77
316
416
167
710
883
540
86
547
2045
521
1131
1617
325
775
281
289
145
2522
811
1892
379
433
1848
226
883
349
588
392
207
602
977
300
248
847
1764
105
1243
88
1766
1585
118
138
799
458
496
975
627
513
371
204
1131
574
2235
759
284
407
355
1120
311
910
73
1309
1102
1991
700
187
394
545
3287
248
1013
355
222
874
2388
154
3895
1690
2231
245
455
1099
1640
715
966
1309
6811
522
580
360
727
102
140
1460
1089
852
701
48
84
1762
120
139
1126
670
1139
263
1983
93
264
271
4738
996
946
175
1610
475
959
463
196
523
464
1235
26
471
127
211
473
257
1432
526
1527
1607
1142
332
1681
331
209
436
530
2094
1274
269
328
462
1374
1275
223
283
268
629
243
330
151
830
415
193
7042
2914
226
2144
2035
103
1252
658
954
39
585
344
1631
399
656
167
611
305
367
88
566
442
436
449
224
3069
320
413
1408
1927
209
1857
2862
191
164
814
2561
298
233
191
253
448
1419
855
482
865
1219
1314
299
191
3612
1332
2158
440
6359
661
239
188
319
2367
508
1180
186
732
339
260
97
200
597
1798
186
49
552
971
205
1972
471
846
308
330
104
533
854
548
216
6374
897
2058
327
518
304
328
587
201
1276
618
135
503
582
151
151
1556
835
2413
207
843
801
335
347
115
1929
1612
171
179
5528
1029
1019
3611
365
2481
114
2035
134
127
894
885
582
322
249
680
413
74
875
200
3199
342
205
1168
1042
774
417
496
1071
1396
1345
1259
1060
674
1006
617
256
171
414
1461
623
156
5565
335
1045
609
234
135
1150
337
252
1417
262
1281
800
482
346
2025
2540
174
913
774
464
1039
437
1451
691
710
176
457
2183
445
131
742
2768
511
1305
1602
471
1611
349
1598
495
207
2570
612
327
657
781
399
1443
2105
663
6815
296
1052
545
1879
90
646
6864
1099
392
944
923
2537
99
2683
227
2410
2960
57
216
278
416
1999
203
130
246
2049
435
663
1036
1196
1361
1672
1533
864
4115
218
148
419
141
346
746
93
240
2516
282
1710
567
950
144
977
496
1948
104
268
743
656
1245
3141
653
2106
145
260
417
2182
628
1710
340
660
804
234
416
358
1677
781
105
151
515
481
1321
96
1138
682
919
1049
564
268
2348
335
140
1823
182
435
180
587
1315
1125
235
550
1485
252
3655
783
1686
2783
228
318
2209
3801
798
5595
2122
352
915
319
1196
357
380
98
1449
1214
315
410
271
326
857
468
1154
759
4478
674
878
3114
584
316
162
235
681
1455
204
324
3381
2154
239
1911
174
121
308
690
560
410
345
1481
182
674
1390
1084
106
2319
37
1205
828
2239
555
50
1129
3688
556
196
362
8238
141
4125
563
579
129
1873
301
755
1038
729
140
204
359
1639
274
583
126
847
41
182
696
1649
151
618
245
620
724
482
448
3680
285
518
1446
993
319
571
1270
698
476
1875
1596
386
1635
470
1174
485
790
1792
666
1696
3354
710
439
963
189
631
401
961
964
2081
221
1016
956
108
223
1421
299
195
1369
2069
497
190
626
1607
166
223
57
213
1034
189
186
1266
645
793
64
645
490
1621
122
1266
585
317
141
522
420
319
492
603
919
1311
704
207
208
908
94
245
2173
1235
350
119
605
591
2057
482
1574
419
944
466
800
352
329
980
387
495
284
524
723
475
30496
138
1384
104
116
422
839
157
160
1926
1229
1045
310
1424
590
381
513
383
873
837
348
385
1975
2069
506
92
544
358
2669
222
476
364
838
288
303
2606
281
335
1704
520
282
907
222
518
124
219
290
1447
170
581
148
292
215
123
679
194
475
453
353
178
371
1741
965
521
605
264
389
1020
195
477
123
316
199
203
150
151
281
316
886
344
107
556
766
107
1180
1695
51
371
776
1301
4103
406
343
234
388
1426
2213
1098
1257
298
1682
394
2456
39
151
724
116
426
1066
373
510
429
389
812
406
503
153
3865
1048
397
561
420
996
243
2333
1002
559
646
901
276
123
573
708
703
299
1043
471
852
152
956
1963
373
48
899
292
687
454
246
61
1415
679
573
838
806
591
301
419
884
460
296
896
2505
611
921
826
184
864
1328
517
1288
265
61
1486
619
637
2383
348
371
89
241
115
966
907
128
1388
368
320
609
1030
318
435
247
283
3214
478
3044
504
365
588
570
615
272
283
210
774
461
690
258
426
1301
370
68
534
148
979
587
491
440
259
337
32
512
286
1569
709
557
1024
1007
103
138
366
209
1290
564
82
256
340
926
3911
527
519
37
151
166
1445
486
1323
394
420
1341
140
979
119
2855
400
582
615
753
516
653
1255
364
234
2022
319
2484
259
48
268
163
1988
114
1830
1138
436
151
420
115
173
240
220
1571
339
394
102
820
496
375
252
294
368
885
1026
763
181
168
517
184
81
459
342
355
797
1274
279
980
760
587
875
328
817
1841
174
171
104
130
3862
223
684
438
1136
453
966
352
1347
1429
137
8664
375
538
2380
95
893
391
885
127
1298
2943
140
1762
240
234
963
1058
1107
476
240
936
347
4911
397
208
918
155
457
2260
547
513
1722
195
1235
162
218
639
224
1732
653
86
504
772
1207
1226
201
725
1010
668
4552
2448
777
879
242
1431
561
26
348
1860
880
109
473
2236
905
293
195
690
968
1080
129
110
676
1287
2759
748
168
98
166
256
862
536
2485
192
491
35
57
163
689
273
865
342
1084
215
355
1614
1081
2653
428
288
3002
180
285
587
239
139
1193
409
926
1676
1998
580
250
974
806
1154
5572
368
7344
290
458
1295
165
612
470
1766
339
231
836
84
1155
271
1031
78
2760
381
291
227
440
550
125
831
901
914
1022
293
988
1179
2891
126
397
1130
204
2289
550
2321
1385
525
385
451
1038
1905
2464
2554
491
1238
693
1244
148
213
401
806
246
329
776
79
7110
205
731
233
1424
829
1371
545
260
1802
532
928
42
212
3503
620
311
831
1560
2114
242
435
417
1007
645
1749
876
1512
892
689
232
1004
93
835
214
355
416
266
1562
546
501
2459
947
265
223
568
487
1185
2845
1690
1609
57
5844
1033
470
1043
5043
2372
2992
914
686
199
190
392
1412
587
3349
459
564
147
480
921
3016
231
74
673
460
678
1034
159
1956
3925
2159
280
674
2436
1606
1816
331
184
197
897
753
646
992
1368
719
1127
690
1497
450
1111
361
869
335
478
794
534
160
403
6593
1847
685
169
233
6577
426
615
1112
490
496
443
445
110
2149
1163
575
271
525
2986
262
1727
79
105
448
2411
3693
137
633
90
284
678
934
104
1663
1245
1362
301
253
1280
2967
617
1113
2148
2591
366
469
688
224
258
356
170
43
2390
362
975
1251
783
1961
2809
876
1736
424
646
263
368
96
171
332
594
560
190
597
1233
1631
1067
4798
406
624
426
453
334
1518
2746
178
791
279
115
220
883
1184
6373
2846
445
1323
165
795
604
128
429
567
56
903
3050
155
2659
801
341
1780
616
147
487
40
562
391
451
267
461
251
270
280
498
3394
392
768
406
441
47
539
608
917
3580
1769
222
438
324
307
412
543
303
500
186
389
824
424
1894
215
526
427
920
3309
2028
102
174
585
469
301
1786
853
123
942
484
245
2243
837
2563
1510
388
518
263
997
210
721
682
1515
560
269
425
4036
570
185
120
1518
682
1018
172
246
371
968
1365
5170
1620
231
429
1054
4235
392
670
64
400
277
567
316
920
5447
795
595
437
121
1093
438
205
864
44
1770
226
407
375
2674
1028
4330
1577
854
3329
429
1695
115
700
2438
859
2961
382
4252
257
621
527
220
1058
233
617
711
648
207
2325
479
681
823
1322
1346
819
940
1209
1287
3039
566
100
170
2025
960
1993
1098
476
1340
104
100
716
1675
612
477
301
577
233
3616
159
762
320
124
547
1045
1482
355
249
644
1799
548
2036
77
666
182
374
3081
267
825
1166
474
121
126
691
486
101
357
883
1985
339
2768
158
810
1701
97
402
687
797
395
135
578
226
70
2404
804
745
201
562
1960
154
312
1958
186
241
1777
662
4476
223
41
291
1505
761
260
1342
653
117
1234
137
1382
2232
258
372
542
1370
1477
209
732
435
395
176
635
289
595
432
613
496
580
405
249
1192
2662
1080
213
11889
80
338
1205
755
335
182
1308
2571
329
1232
3816
1198
1261
1572
291
108
96
4267
430
431
313
658
486
1934
173
522
451
117
1214
1953
54
382
309
317
268
116
103
549
1850
523
783
462
296
2179
144
284
1789
1087
537
740
846
103
783
526
1889
147
519
1066
657
681
1428
576
4852
2964
179
393
383
371
206
1039
155
296
778
592
1032
530
1078
190
787
601
847
2552
595
107
518
223
777
531
434
356
273
186
581
89
887
327
313
1425
199
229
1722
1034
4589
1039
550
88
1088
298
190
5165
274
412
181
407
216
665
695
2525
1009
1497
215
493
194
367
37
65
476
75
110
827
983
266
301
677
200
213
335
2102
982
2046
333
3171
1211
160
345
148
434
268
74
322
1435
46
2084
2412
518
547
632
965
209
1111
3991
197
1669
1301
532
2266
1325
2054
736
208
517
141
838
172
1234
392
205
133
489
2261
1115
650
8274
259
217
163
73
1041
2101
859
1080
822
202
6236
302
1386
1114
5771
397
364
488
1139
1637
918
1661
1654
612
451
671
193
197
125
364
404
550
4143
260
258
863
3246
585
139
173
1199
154
415
716
2988
177
270
1080
382
574
1171
73
376
895
406
9661
921
291
416
337
474
235
1014
616
282
33
512
3338
418
889
214
1668
270
2013
541
922
4292
1729
161
465
618
513
298
896
372
704
269
178
1119
462
979
434
744
186
816
772
685
222
2271
2673
1479
1237
440
2380
322
683
390
250
363
238
723
2744
211
575
668
2416
1093
2252
1088
1527
511
90
747
233
100
287
850
1143
628
492
322
1081
952
279
713
394
13894
1615
409
1137
708
1072
422
173
1441
281
1304
542
2626
1944
1291
1535
371
255
772
171
39318
897
525
452
2646
316
542
921
430
1559
699
138
858
507
546
3532
3009
826
525
1855
253
1160
1047
1631
471
443
613
3476
551
568
235
328
842
827
319
1097
1691
530
1071
1160
285
555
1340
598
1895
208
230
794
2902
555
477
647
1723
341
2064
1070
159
1596
3210
67
672
797
4958
345
288
2380
152
1096
1397
796
1349
736
526
351
1736
3502
575
550
155
464
2734
1516
881
309
416
175
127
353
1240
399
268
818
4897
3822
128
3847
469
47
9971
322
2126
212
546
1703
482
1114
252
3149
1179
121
502
835
328
190
599
886
372
329
896
1428
4750
446
1198
2054
820
1060
581
399
732
2801
756
314
1291
170
186
896
313
147
763
635
2525
874
369
560
1460
753
2105
1546
708
2752
2848
266
283
84
1323
797
226
138
185
269
322
412
1912
454
1938
427
344
1041
260
241
425
347
607
194
797
1341
87
225
190
956
365
4979
953
555
709
13623
620
347
361
396
393
491
435
525
1629
650
115
841
393
540
566
317
1146
292
1700
472
7648
279
204
560
144
1786
685
158
74
1114
729
183
215
1913
41
3663
118
221
626
514
585
352
2181
820
193
394
1193
388
121
184
578
151
1455
577
2494
148
237
425
369
1062
720
499
552
789
539
1305
851
324
255
263
184
2586
435
491
536
398
368
655
502
383
179
259
1282
1006
158
336
230
1393
1202
161
346
1534
998
267
321
379
962
483
173
543
44
1065
690
937
105
503
962
1507
750
380
1150
4947
440
189
633
1111
481
386
3318
357
238
1211
1455
2150
105
2451
510
315
981
598
798
491
3625
537
2913
139
488
108
426
296
536
2397
801
475
50
949
417
1558
233
193
143
179
795
348
1030
1183
348
285
445
126
359
159
421
799
1191
755
619
3540
299
2262
116
983
625
498
1158
523
851
334
3074
132
1223
259
133
1098
734
1123
441
1614
1425
1495
106
1778
1179
1066
383
1288
547
414
190
943
548
189
146
1176
1002
202
440
1063
2459
872
1002
209
192
2042
246
1786
1029
418
711
148
715
923
594
582
200
126
229
149
254
498
1001
55
574
308
1098
885
1216
798
1357
662
1638
103
1653
870
549
55
270
92
195
563
520
476
150
1037
1047
230
165
350
250
994
347
162
131
39
148
401
144
486
103
4009
1858
379
677
121
1288
333
132
221
969
656
360
1479
870
5262
316
1188
476
441
7975
134
1961
230
795
369
473
246
896
515
294
513
1090
188
104
1192
1153
1761
866
850
655
230
15419
329
3148
566
2681
151
978
1074
627
689
1087
249
288
332
377
599
1553
196
2410
897
267
287
1766
363
369
267
640
798
169
330
350
893
574
197
752
854
269
595
485
593
1319
774
694
269
180
806
196
335
407
230
1636
378
4693
1490
715
1017
225
1462
1095
287
920
831
1019
237
182
698
1043
1585
71
229
283
124
80
1053
161
1055
610
657
1509
201
371
435
330
457
575
3047
1361
1247
392
399
561
536
104
1017
559
334
1359
675
131
449
82
442
930
308
241
85
264
568
43
1193
1084
1379
70
452
1357
642
831
1627
1721
1290
349
734
233
176
975
763
178
5567
310
183
2998
765
354
1232
345
2982
308
1132
604
121
623
193
675
912
400
694
319
890
536
1213
222
108
98
162
1286
1608
36
510
128
647
230
247
127
1017
136
1119
1130
369
1918
131
2608
926
630
184
239
726
595
374
922
1147
896
1300
183
480
5917
4156
649
352
327
900
158
98
296
408
530
342
288
1593
651
1871
1225
418
395
385
7142
2873
518
459
451
719
304
918
606
600
450
1014
3539
499
1483
406
178
305
190
131
68
1143
273
282
253
665
1932
5347
472
249
946
329
1099
2731
291
267
212
457
229
338
416
378
1628
656
381
1436
1655
261
229
136
605
496
2167
311
251
613
934
185
2670
981
819
564
4140
424
458
1499
557
197
1272
813
175
3382
43
432
1104
2647
667
244
401
1318
195
530
151
274
606
1111
450
809
280
564
1007
527
1625
282
227
371
781
1072
634
368
164
199
322
107
337
112
345
3749
218
231
1549
6066
392
266
1452
366
192
164
642
137
146
148
396
1158
583
1524
817
122
394
729
207
1962
241
1657
245
204
980
243
690
571
407
2038
5829
1256
373
1930
177
510
547
75
644
10853
139
905
282
719
291
1163
1881
488
615
1497
1355
600
333
7815
117
730
485
1120
961
693
2742
318
665
769
788
869
630
1442
138
616
2502
698
396
48
646
418
287
341
258
1179
1295
552
276
59
335
410
447
391
202
128
385
583
1956
302
1376
387
340
1562
491
810
993
156
484
665
291
586
767
1115
715
165
1501
1809
204
282
116
144
220
341
1543
905
2572
786
7633
268
245
96
669
434
267
477
781
724
528
274
609
650
1941
933
1062
2002
647
875
257
791
428
560
308
274
1552
2358
446
958
425
366
1645
246
2397
4038
644
488
341
913
5120
1628
2668
1494
1638
147
2575
177
928
638
887
801
188
570
213
225
469
341
305
483
608
489
1111
149
936
2104
598
384
2076
17724
692
703
1454
1635
1810
467
318
1346
559
314
728
1537
144
177
1884
322
228
1084
259
110
472
76
2364
295
721
3536
1119
3187
791
310
315
402
410
992
2249
742
137
141
329
1423
69
830
321
307
176
1183
856
425
1214
972
291
1129
533
105
1413
403
646
148
2354
540
757
186
177
1844
630
302
529
2334
152
352
532
2475
362
2121
428
353
290
1264
657
274
196
747
682
459
1289
880
167
119
3623
2429
517
5086
350
55
1306
159
82
825
2447
333
67
354
749
272
292
1910
614
626
1743
205
997
5577
1622
173
1122
1636
2358
405
474
499
59
1301
887
3381
677
414
255
1841
297
509
907
621
293
72
399
653
563
330
1232
1259
923
1343
787
2330
155
205
300
6202
1133
323
178
342
296
497
408
141
714
2813
172
2309
1461
439
626
1032
316
116
693
1109
1212
469
404
1922
1204
617
212
581
501
561
215
169
198
2489
1210
641
1416
909
695
177
129
312
839
266
224
2024
868
347
1729
2324
1341
1500
6806
1238
1417
221
150
687
472
741
133
797
455
1739
152
165
138
3149
286
1478
347
218
383
317
310
687
520
4693
1433
652
1224
562
310
1148
92
210
332
310
340
460
552
386
904
1438
607
130
1808
527
1414
496
510
926
1683
528
311
415
419
554
387
232
906
2221
185
414
234
284
168
925
217
695
364
404
285
356
1099
699
1048
4176
841
139
705
2866
84
168
1221
570
1004
78
311
1044
408
234
578
427
468
5488
142
1075
405
536
1316
267
137
322
752
1034
604
4203
595
178
2255
162
1782
539
263
687
480
252
396
306
656
228
814
612
440
319
1357
476
906
972
885
1296
3658
362
141
809
952
1185
285
448
449
566
375
158
557
72
115
54
980
260
15992
674
1049
587
231
574
426
2826
1791
241
235
448
2433
485
4074
389
1695
505
152
654
1344
204
555
364
271
941
428
392
247
1088
560
848
798
189
389
721
238
113
1034
1890
1209
486
1093
679
600
5695
1020
726
7329
485
886
8408
1904
122
820
852
585
1106
109
262
230
71
777
820
450
938
387
342
1325
3173
632
1297
1545
955
179
595
208
645
243
583
119
1733
685
1210
1347
3301
277
303
1408
1192
3479
483
650
650
351
847
559
4736
428
933
381
3258
2218
1010
592
629
251
334
954
294
3545
745
511
790
1454
1190
591
1248
637
302
1579
388
1210
1523
233
395
1213
1658
1781
172
997
700
3762
184
520
3404
336
2524
919
296
867
998
1631
1230
1086
460
418
586
549
608
340
2172
128
210
433
621
235
2280
1978
765
267
2383
150
3528
2925
109
1116
1526
318
1187
907
400
502
279
572
411
228
244
1633
573
1097
1179
2427
1526
1926
596
988
668
176
1708
1734
190
910
182
265
630
561
657
770
151
705
544
344
1139
203
290
889
676
1432
356
124
347
517
885
2154
1124
638
739
222
648
268
518
570
1308
261
1169
1530
340
395
460
231
428
188
460
3288
3439
538
1162
1050
526
465
582
2820
454
1533
160
553
1381
2233
588
323
339
249
146
522
123
966
439
603
281
139
881
191
539
884
394
366
170
439
132
502
186
2062
222
252
491
400
635
688
419
457
588
1608
543
939
1570
2017
234
387
362
238
393
92
624
1014
670
175
753
529
1762
198
243
979
2240
568
3147
1082
1055
212
124
1023
348
187
660
1228
2308
629
166
2016
714
228
1081
1492
759
965
2641
2350
375
323
67
260
2616
92
2905
583
272
1718
274
327
508
5654
2223
814
508
804
812
589
5164
1314
1166
499
2328
113
7378
226
97
239
416
722
479
299
1366
591
49
318
5821
584
470
408
454
71
2026
359
1450
850
326
79
348
408
594
397
801
951
359
1918
519
261
477
1015
631
59
352
577
153
196
215
187
2544
1729
840
222
867
687
218
465
205
1839
399
344
1836
444
347
744
479
389
1465
127
409
1358
789
286
5500
300
348
94
109
487
2962
1418
415
664
770
1250
1042
756
241
185
236
1542
309
173
2281
1272
249
765
903
1346
996
1005
301
1075
1140
465
327
56
703
1650
58
959
432
171
510
830
278
1339
111
203
1671
499
2278
221
1912
1652
352
267
756
3596
116
288
616
704
1004
341
453
744
1740
2957
165
918
1265
1124
39
2118
472
597
856
142
135
1484
1867
225
4297
697
521
614
2164
422
1424
6479
376
293
200
282
489
334
278
188
332
214
234
1168
237
407
1229
209
251
221
460
1745
163
704
92
224
495
696
543
534
156
509
946
193
224
1453
570
3201
1111
179
686
314
1046
331
4332
1036
246
924
621
318
209
840
715
611
1301
379
2050
321
2456
426
919
2409
194
9
425
137
1405
500
221
326
186
2494
810
1883
122
458
367
804
1776
1390
489
92
168
158
421
208
497
1457
8675
1775
140
2954
793
616
1677
3288
55
80
490
336
76
122
826
2072
372
95
550
430
345
1785
1972
286
945
458
751
884
3727
502
262
447
1139
72
827
1440
7068
1156
422
376
355
74
1723
2370
1308
275
409
729
237
330
1260
130
490
463
696
1396
197
3439
5146
412
484
251
558
1285
517
247
2083
382
1113
386
764
1236
750
881
719
399
2343
290
363
167
770
907
1994
150
583
182
196
547
337
1397
2513
374
2990
597
853
613
125
1493
398
437
928
245
452
468
904
1668
614
903
257
1003
189
959
1819
398
476
153
318
741
853
114
947
302
173
283
896
1784
2732
951
221
545
705
7325
687
328
830
344
102
1185
192
1080
2039
170
190
714
60
316
534
1354
347
732
653
490
301
4393
219
186
1012
685
303
192
1560
281
587
1305
318
1128
763
291
1380
362
1424
564
1148
731
502
874
2583
1184
226
469
71
433
1695
1181
292
208
636
2119
519
1299
358
304
1036
2613
251
805
134
255
192
1994
864
281
379
3250
94
342
3022
1020
102
1036
843
165
649
2278
188
7528
1193
449
534
851
1136
1309
201
172
332
1114
321
368
1021
97
489
1362
347
61
170
155
69
604
156
1182
75
79
385
493
804
731
142
345
168
602
4027
579
887
1867
972
701
1604
607
220
232
594
778
525
1561
227
304
168
1455
1771
817
1010
177
87
315
416
684
3074
2619
313
534
1960
811
324
1082
2184
3573
674
475
989
332
750
167
525
461
146
4178
3424
2074
788
1898
841
565
1411
3006
419
354
1616
681
229
583
119
7033
1536
397
1493
1166
346
4856
1091
522
378
163
3234
145
1460
280
1575
388
1607
847
402
2086
214
2576
176
1029
157
666
379
133
871
2703
112
1332
3476
353
412
2507
253
135
795
2165
174
1410
400
388
777
2043
795
841
1344
1997
559
824
1517
289
530
373
69
641
543
1214
316
300
423
120
149
67
340
1423
976
230
775
1589
1143
871
447
946
203
979
1101
301
1777
405
369
1114
286
203
825
235
2497
958
1084
305
703
1008
1276
474
570
393
159
1185
252
213
1406
272
313
811
1563
1972
505
253
592
4182
965
222
487
3111
395
330
136
293
868
1463
671
381
1464
2587
243
615
134
942
712
242
396
427
469
1014
453
236
799
1189
1603
392
1189
421
414
667
349
939
258
1068
853
335
1212
398
881
364
141
227
226
1259
461
340
3503
445
368
1290
112
7744
2053
557
1210
541
371
511
1229
1004
295
742
408
626
341
178
837
169
2329
705
272
815
352
394
446
337
713
531
251
258
213
2499
338
417
223
281
615
2736
703
3189
84
109
304
682
880
1115
505
197
3511
568
94
209
904
3569
97
92
640
1260
400
179
390
155
376
556
351
1065
343
444
1080
1452
566
1108
1168
395
2109
312
1132
720
588
2066
3071
809
1858
456
284
76
296
70
238
111
413
455
1245
661
310
590
338
660
369
613
184
1086
717
1119
1086
472
1229
689
1368
726
7807
473
475
587
1136
1731
634
189
1445
1932
624
262
207
676
413
692
340
649
345
2080
599
203
165
695
497
243
1030
109
6924
144
2001
1259
1227
303
2694
1415
1078
495
245
3481
543
103
711
913
894
4819
213
486
658
177
125
4857
633
951
949
582
421
131
771
3504
368
211
166
534
1816
1345
2703
394
345
411
442
1167
1449
343
743
2507
453
464
648
468
933
460
157
1206
616
484
297
325
1062
533
2772
1626
2080
131
655
1296
1730
170
741
820
291
942
904
306
574
3670
995
148
680
698
617
1604
1975
920
1091
205
730
79
4689
417
1627
572
402
974
521
1115
159
115
235
1689
197
33832
539
538
1871
433
302
544
263
3188
414
2649
355
523
380
1037
1208
2660
2176
279
2418
1431
1187
1137
333
1067
1814
992
186
404
694
492
712
1098
568
2005
281
167
835
1114
1217
660
345
206
600
308
2340
573
641
1795
2104
3101
346
373
458
303
1798
749
171
780
465
323
403
332
143
198
159
1975
212
942
845
200
329
325
1344
270
1819
1226
147
4701
845
407
740
1205
135
215
265
331
829
1442
214
1241
1961
2629
482
571
5772
557
2582
1446
1347
795
600
676
772
1259
791
2022
152
788
227
751
362
3376
433
618
1988
345
161
653
1391
138
321
248
343
886
439
779
357
171
830
162
816
3653
228
3299
522
296
675
230
216
307
836
2999
1165
1635
506
468
621
1307
298
2094
293
684
844
578
190
104
1695
1069
312
541
797
624
549
297
1458
1235
2080
735
187
415
368
1153
1036
1477
839
730
217
664
268
841
275
478
240
169
3074
1841
496
1259
288
672
121
1416
479
391
178
507
50
2382
447
734
1879
1770
1556
311
6343
285
1015
244
136
387
411
2168
2993
762
2396
137
1492
521
253
198
1492
852
274
598
627
909
606
228
2892
1713
113
188
1209
268
296
464
271
463
305
1218
394
6356
4808
1837
369
508
912
1301
295
3132
1155
84
1488
605
159
996
328
1004
1557
1671
268
114
858
2747
2085
427
295
177
955
883
756
611
377
356
470
477
131
435
371
390
3417
289
481
527
7702
3295
591
168
457
278
115
210
245
643
1266
248
747
940
862
973
652
2994
1148
1284
198
375
235
1388
194
819
594
1101
1793
9319
130
846
454
243
122
1536
755
1240
3184
319
382
296
648
230
275
320
407
763
345
533
106
491
1153
723
944
2608
140
268
1146
1370
356
10371
130
2511
289
258
316
705
81
1786
54
75
859
248
458
417
1564
253
463
675
75
931
683
318
547
479
188
271
560
2524
295
388
108
568
963
324
1989
786
394
285
298
461
297
475
391
126
243
166
442
215
365
599
347
324
1355
1400
1079
986
367
592
1522
327
2397
563
3490
600
839
88
372
3933
85
774
405
717
692
934
1042
3552
203
191
6789
661
709
2402
924
254
455
1399
87
1062
527
618
965
300
1527
268
266
949
178
767
253
1156
160
1166
558
177
306
465
356
1155
2399
246
197
245
699
233
31
646
1117
686
1052
367
1342
4704
277
1078
164
792
385
783
743
158
340
197
488
121
935
413
562
678
93
978
406
257
429
973
1196
554
216
422
1183
366
549
448
143
484
1204
252
1726
502
1408
2399
454
2524
217
373
208
1609
1241
406
329
4789
204
120
349
576
284
437
2014
1347
525
699
398
568
413
422
2001
168
550
119
539
190
254
267
627
220
956
307
1225
400
290
555
320
4195
460
2366
173
440
826
449
635
693
230
242
1363
7751
1452
1594
226
183
862
754
150
102
330
103
672
663
552
895
818
247
707
127
690
111
1277
486
730
385
109
1245
321
239
445
1526
388
547
107
131
599
670
399
120
338
1031
832
608
555
741
2168
963
565
1521
448
558
208
598
993
180
345
213
3501
2014
867
1332
261
1709
683
548
49
437
478
373
248
225
608
1558
860
213
593
812
810
1053
1665
4334
663
405
91
196
102
218
966
972
218
392
881
3907
368
659
260
207
1566
441
2011
637
1315
152
486
160
519
2811
380
710
976
201
568
111
1266
238
2703
349
421
454
168
2958
885
513
2643
2998
957
1644
169
651
437
152
145
1300
325
1148
98
1590
162
1088
1479
750
336
3575
702
380
543
1454
418
623
448
542
1149
116
35
3342
175
7573
328
899
470
2093
338
171
254
258
227
856
549
353
296
161
889
765
268
1433
236
1427
1668
370
390
762
227
1882
77
1443
145
308
713
126
286
855
267
129
167
436
1108
962
1047
2904
1469
185
706
522
169
1530
577
521
137
485
480
1081
726
227
204
6248
263
401
330
1774
162
828
446
620
148
63
404
1181
874
566
493
376
291
647
612
1152
497
262
489
2403
996
361
361
75
738
441
503
571
101
917
389
713
793
553
24789
510
1229
256
175
423
89
725
355
238
413
361
3491
202
8209
401
486
232
241
260
1455
1713
987
981
335
612
801
2598
679
580
1884
2618
430
802
782
335
551
280
233
343
272
241
2060
391
396
1005
1815
670
1801
1384
532
210
251
2361
555
646
109
1394
464
463
738
771
304
1210
266
898
626
468
414
219
277
2431
337
808
119
146
320
908
3628
524
239
971
3466
808
101
1763
2025
1217
173
721
632
68
88
853
416
311
280
487
691
2234
1331
272
3014
572
1390
469
1744
420
682
1420
526
536
667
1289
2201
290
762
11458
580
362
3149
516
547
170
152
156
444
347
636
861
4615
228
705
534
655
285
279
479
3512
296
556
413
583
448
113
703
2947
162
894
2347
285
337
184
2165
2295
3674
479
256
1138
1404
324
2588
309
136
260
590
395
1179
426
283
903
317
868
419
146
3973
227
352
348
1008
2704
1138
131
1686
468
429
874
1055
177
117
322
452
1249
336
194
1052
777
3833
1490
576
249
229
3343
836
224
289
169
262
682
678
216
190
300
205
1011
308
1168
204
823
451
49
581
142
399
541
334
1190
550
349
1468
268
90
1638
795
357
1473
81
453
476
248
582
374
1281
501
125
249
842
754
306
772
311
1350
435
229
406
1001
2600
1104
190
79
4502
1360
275
136
282
610
1027
162
204
317
865
927
918
251
1309
948
944
180
210
679
1863
4915
150
1058
346
388
813
1523
878
236
363
204
341
1537
195
350
456
197
160
261
2855
241
763
387
770
172
66
338
479
1019
215
110
426
1430
263
127
432
221
631
463
322
749
402
336
1557
1053
181
447
556
1109
1024
191
881
737
672
660
904
2297
539
160
1048
767
1524
2535
82
475
300
353
2401
267
128
252
328
2761
3775
393
8289
1164
534
2434
517
549
3150
360
483
899
105
125
1049
381
571
828
842
310
1599
419
794
769
408
190
515
1978
4998
275
879
271
760
5066
1110
1967
1486
498
189
429
405
248
291
2178
336
3167
438
347
1073
107
1943
2784
749
1551
385
585
305
1521
267
5339
597
738
411
884
2131
419
802
492
104
59
5277
53
266
731
1703
5436
1981
198
682
2166
810
1435
1273
2168
326
1634
2541
197
1557
63
583
500
2273
679
604
1809
671
633
393
194
921
365
913
280
1212
482
2707
145
299
656
176
429
1048
244
215
1898
2352
401
782
171
1316
190
466
125
389
1795
1900
412
242
999
429
451
300
999
766
931
3668
111
969
1875
197
184
737
834
330
443
263
283
1380
495
246
1301
279
370
635
477
100
931
1193
503
403
732
840
1443
233
3232
430
440
362
1225
1334
290
633
345
6905
768
278
317
462
352
1450
377
385
829
458
215
342
230
75
1379
542
862
370
503
1101
437
126
913
168
325
418
1537
356
395
86
1226
667
235
402
1443
982
1112
732
423
713
66
178
103
126
2991
225
187
428
699
739
693
2812
877
498
1495
154
1278
136
1684
498
150
752
530
66
130
1015
4381
2353
966
15283
305
885
295
625
901
575
683
976
608
3633
599
121
448
163
297
183
999
537
176
1370
473
471
814
670
657
390
1083
250
3237
246
3302
220
1005
454
245
560
385
1913
336
370
740
515
1080
624
1188
1081
473
490
744
271
91
412
164
295
278
395
776
717
2546
2067
224
539
478
242
395
922
1224
240
654
251
69
289
1405
636
580
878
488
711
881
208
478
1733
555
204
168
312
1624
884
1254
229
325
345
766
841
566
1030
268
259
291
400
264
370
472
959
1290
345
187
218
1039
599
722
815
850
739
1189
609
843
640
3723
459
2468
5600
1467
108
142
1115
183
6001
298
296
271
370
723
2434
135
280
1051
113
2248
201
2862
633
825
482
212
565
566
1846
280
284
583
114
903
884
537
2369
2242
6391
135
1432
479
112
210
90
13372
1374
609
991
208
223
2619
359
5094
733
541
235
300
178
162
181
2551
413
2200
202
650
1394
406
217
656
492
1219
443
596
2823
951
307
749
421
509
903
902
1352
1176
645
358
1031
365
389
466
2398
444
340
88
704
95
118
304
938
215
221
847
1427
849
260
463
1003
830
1121
3001
338
698
137
674
237
249
605
890
2582
410
242
307
948
229
267
244
216
2306
1145
350
221
516
1013
404
207
830
318
1629
3000
73
752
190
122
267
583
1028
2521
595
1010
769
3537
424
2551
742
206
218
492
1843
746
224
701
226
3652
381
514
1154
94
551
1019
1492
1138
657
106
786
239
722
292
740
617
483
534
2101
677
2577
605
1091
920
143
2245
343
530
160
541
302
1156
990
4278
444
1461
152
604
270
432
686
904
440
1140
1872
2084
1349
1554
718
1437
1454
794
1039
360
1075
2261
61
790
340
454
249
705
92
208
959
2138
453
298
2576
310
441
1014
229
692
651
561
773
789
1735
304
512
199
1014
1996
822
575
420
373
881
327
394
187
828
793
1598
603
1377
2203
490
460
280
1120
1306
255
2150
265
445
619
174
1715
366
345
378
244
295
936
1935
516
218
152
212
1288
2395
3436
5603
754
1408
1608
195
243
253
552
101
437
450
531
518
2161
219
181
192
591
315
2731
210
1112
183
2402
10181
900
175
242
538
721
500
57
291
152
303
132
2136
382
9013
96
609
253
1991
1666
339
411
2679
235
720
1098
541
354
475
418
299
1186
474
847
1744
755
340
164
374
431
2598
415
2763
1142
812
744
4685
915
1768
202
735
286
287
90
439
245
414
392
833
1740
1423
944
1000
1262
4082
683
2095
117
4202
784
371
1614
776
1624
163
875
859
77
2862
1276
244
19026
636
1192
991
1700
1993
706
644
746
481
1613
563
342
686
2315
461
1315
1249
271
910
1500
709
923
173
182
138
266
317
411
856
266
2917
297
757
292
340
394
444
297
786
134
311
833
326
1033
575
768
716
199
596
1172
549
137
499
292
538
774
1782
631
436
791
855
1289
632
233
223
747
1446
956
665
1035
152
1263
519
391
411
1172
282
1573
272
589
184
413
1566
643
1955
3004
440
2256
1198
1888
3345
1977
326
261
291
72
2052
1590
550
2749
141
465
706
928
1415
301
658
56
3989
351
1072
4415
493
767
335
3458
121
360
124
1078
92
325
937
395
138
319
696
602
2715
357
435
1081
754
641
1132
384
224
2013
536
106
168
993
411
1175
2103
252
1104
413
2408
791
833
334
221
241
1074
1126
901
877
124
500
256
805
330
199
524
1652
136
554
309
291
282
841
221
1353
633
704
388
1215
293
755
1445
260
126
289
429
74
647
4191
540
430
307
2297
801
706
804
378
128
783
168
123
162
326
146
421
241
396
422
303
8605
485
1225
770
65
335
271
272
98
108
1428
381
1756
283
340
923
496
563
1638
268
612
389
514
580
534
936
2778
1685
908
1502
934
1556
825
204
260
400
9210
257
3362
3030
458
618
761
3469
1400
612
119
261
813
300
312
144
1040
82
1028
646
908
487
1789
255
538
1016
152
1214
122
2378
1346
1814
3302
184
554
249
188
106
575
372
784
840
1947
606
352
196
1653
277
399
532
1294
154
1114
2765
992
327
456
1636
1199
953
134
1050
183
453
379
747
207
1268
567
135
5292
330
782
1730
306
9214
132
166
1872
1326
180
196
1504
549
1300
533
1428
405
160
501
425
185
1047
339
352
192
5962
363
2266
1098
577
1077
188
997
332
956
11001
1876
842
775
223
120
245
478
1103
2547
469
514
1832
990
883
713
724
1224
744
129
789
1739
784
418
333
251
1807
401
212
517
2237
363
955
849
658
513
758
183
1652
579
607
266
427
104
366
300
2982
6358
1742
1161
97
637
542
3337
1426
382
231
2087
1495
2439
490
423
132
317
111
931
1170
5347
1038
756
311
1459
996
668
236
219
913
567
671
992
763
1786
629
381
983
231
1493
212
1754
744
501
1344
4182
570
217
125
1711
2546
206
537
396
4436
804
809
4373
380
593
267
516
210
376
762
237
2160
983
106
652
1031
794
1433
302
826
5316
1406
301
426
879
275
1067
4809
869
294
974
352
382
2871
507
202
416
1092
405
1081
1123
5284
795
559
1379
732
535
277
2654
1562
1503
2358
487
109
1418
524
401
763
2477
2407
2785
808
1321
655
727
587
78
1413
2676
163
2191
1644
2541
136
326
957
436
1950
878
68
1835
166
5142
431
1025
540
1655
423
447
4656
778
272
406
3479
132
671
1194
409
524
940
620
322
384
657
181
143
391
491
379
378
351
329
2793
392
276
630
910
1154
611
626
278
597
139
866
628
437
317
770
204
2673
706
188
393
698
547
422
4916
436
417
219
248
2011
556
2835
581
565
194
494
233
713
919
2136
1913
1260
273
1593
367
684
2281
627
250
505
2588
611
203
559
4098
1600
1064
1279
5498
667
328
2244
160
910
405
291
744
40
5118
213
377
751
1662
1272
1193
693
758
127
232
370
977
1843
837
185
293
1096
5624
330
319
581
249
443
121
1168
135
143
2114
249
5320
1198
5020
714
886
324
150
710
629
1792
485
187
523
6910
2609
413
228
233
1176
327
637
2575
889
230
271
225
432
343
3363
193
714
260
163
1316
661
517
367
936
3210
197
78
153
3614
456
163
468
95
378
1132
567
334
107
2582
1984
901
402
310
1434
389
1174
3176
197
409
1004
74
49
696
526
377
1141
2278
213
92
1236
452
208
3170
199
352
371
1449
350
5967
2604
963
1514
418
939
586
178
620
1025
1081
187
466
521
7431
2156
443
1286
179
360
221
363
1427
1154
395
624
1801
1120
320
1145
1232
145
1382
139
1391
574
621
1199
2659
455
183
2673
686
170
4895
404
1446
488
298
212
2923
532
394
827
699
801
407
736
860
168
263
242
518
307
2063
1154
627
2717
712
323
133
209
539
344
626
390
403
187
424
115
1079
1117
172
708
302
224
522
228
1374
122
436
454
3417
126
799
2626
490
1265
2888
1462
730
1381
438
1021
1569
387
353
3086
897
2967
535
604
702
1092
404
366
724
1695
505
912
626
574
553
961
279
1158
491
418
814
1215
682
1186
145
850
3554
3304
1966
258
1097
167
1005
313
3821
503
993
1230
4100
947
834
205
4439
1248
324
285
222
1946
437
267
648
3514
3375
1813
1121
610
1303
1129
519
190
3239
1158
396
472
101
391
188
1465
596
459
228
643
1092
2357
584
645
400
131
147
726
2183
285
567
535
802
1182
137
522
341
2126
1996
148
844
258
1775
2093
891
661
466
1239
251
3746
405
908
644
389
523
982
1215
1556
1544
239
309
855
900
947
582
3443
332
313
5384
2153
760
170
134
559
310
310
2254
455
1360
701
685
781
495
319
1986
4616
190
582
913
577
566
477
621
402
766
337
512
373
324
1180
245
182
1812
305
372
2470
726
635
708
2593
202
598
323
812
1622
730
859
342
6659
4484
959
5233
730
650
248
934
1021
218
1201
2037
1667
2655
249
91
2370
966
1616
697
1893
453
8806
124
219
437
1017
928
348
778
570
1222
226
559
788
231
1442
2700
1587
137
2575
1207
750
1052
2619
1260
174
352
994
188
166
801
194
516
393
128
194
139
2183
1049
1670
1365
110
1390
649
674
647
1108
1016
385
450
434
818
381
635
365
2336
276
200
346
323
505
1434
1429
425
136
4954
5054
2252
345
469
335
523
645
580
342
268
365
1536
1467
945
383
399
318
155
206
189
689
973
491
3926
1125
133
832
257
275
372
1679
669
89
237
2160
1416
699
702
823
1529
496
243
1324
333
694
900
370
2099
1174
730
935
1593
474
309
209
2347
569
1619
2626
1663
319
398
387
331
2404
824
607
1467
971
285
526
112
1328
485
575
1686
588
446
2546
232
568
493
275
877
1047
838
229
474
1925
478
283
1573
693
287
1001
423
431
1123
970
1554
464
508
57
392
2753
584
101
477
581
514
3133
574
371
1176
366
370
1087
207
7587
1573
241
1877
204
4278
655
971
373
372
732
1301
855
1166
396
645
209
436
277
203
1017
1320
567
1013
1147
988
362
686
502
2900
737
500
132
375
597
317
1189
425
411
221
1158
798
213
70
376
484
822
99
454
1741
75
349
4976
3492
926
242
680
4118
679
348
652
1508
307
1760
647
886
312
282
158
2894
339
804
400
572
605
275
598
623
407
4639
1221
271
204
1175
656
725
231
389
1950
2657
307
1350
140
1199
965
1005
451
1449
4433
221
214
2128
1542
10938
1330
281
199
1472
827
469
565
203
251
1561
423
477
1334
1949
112
161
778
987
662
258
1355
1360
5373
1152
359
358
1153
524
837
76
1019
355
289
1463
4784
193
354
5639
603
200
617
685
1030
862
1107
124
1427
3165
825
648
810
683
535
1085
587
190
2396
1531
2313
605
72
283
230
773
1355
1837
205
2487
1800
861
429
115
619
1115
782
1204
8390
392
1438
289
270
871
1284
512
98
229
189
1153
615
906
346
1422
946
1322
2244
536
44
1249
334
2277
430
352
1601
1176
899
223
694
241
927
225
1093
803
1103
198
923
391
2246
1398
783
1594
563
696
582
431
298
1778
357
367
557
1726
357
470
199
536
632
283
989
573
368
1784
973
341
1160
621
252
311
1118
366
503
3166
724
410
624
463
804
2240
559
1451
564
3465
1144
465
5717
442
1269
212
2196
521
248
226
247
187
617
1023
320
338
239
651
696
276
1618
999
179
517
129
391
362
365
695
126
3483
590
973
262
1119
161
364
775
791
647
1446
1093
2299
232
739
657
1002
389
910
1235
322
637
593
338
3687
1005
1409
166
1909
763
430
576
2304
817
1647
238
270
321
456
164
2856
71
1160
1541
4136
275
180
553
1717
446
8675
546
434
150
644
688
1260
1716
1949
426
167
7501
257
485
1820
676
292
691
192
1741
3930
708
2183
893
792
902
736
2066
129
337
3404
918
455
651
649
705
289
1781
1692
403
401
1448
175
703
882
425
807
352
681
205
1902
532
485
785
847
367
1266
1896
312
388
96
488
193
788
248
384
762
371
171
495
287
152
1565
3042
327
466
1369
1970
276
451
908
569
118
87
125
1371
1496
317
1221
639
2520
192
213
195
482
166
446
1044
4861
413
708
193
719
518
268
645
240
83
2034
809
936
223
836
863
50
358
699
1540
679
1949
284
389
1232
502
8367
239
1542
259
686
70
536
161
758
873
119
771
944
524
119
379
241
713
1636
560
457
714
814
157
407
375
10231
1017
4370
1646
318
1059
1937
554
183
930
227
5040
859
946
2281
1659
558
583
914
469
429
396
799
177
805
317
795
1820
2100
1234
227
134
2958
338
294
55
93
820
335
916
1952
2526
174
138
1237
352
1235
510
1814
1055
649
317
543
816
2041
619
583
364
661
583
1305
157
491
786
624
431
389
793
1694
410
604
404
574
679
234
738
1551
485
204
1232
1455
370
897
1773
1778
2849
1998
390
506
547
378
645
1902
143
374
521
410
169
686
565
1631
230
300
341
143
561
347
852
824
2048
703
598
1259
1357
712
144
376
590
868
360
804
4510
3148
7558
278
747
135
435
521
459
1691
894
139
2227
225
496
627
57
653
87
378
778
2087
556
378
316
209
263
636
380
798
333
489
1771
271
256
1493
600
431
1019
2148
797
1568
1537
1504
586
774
567
825
109
329
412
388
32
233
783
1770
259
494
1287
1046
433
321
393
260
411
517
204
186
553
505
1630
1245
731
2070
5607
99
189
376
1332
847
91
19
3212
284
551
213
1502
285
474
400
298
7907
356
495
474
392
2605
816
614
594
1021
1285
690
334
2586
685
1262
324
5865
1136
660
508
255
451
479
364
344
1937
760
233
878
836
303
3307
73
303
240
802
241
2277
514
957
319
300
563
651
1952
353
325
111
528
196
405
635
170
4116
61
137
491
173
604
55
153
69
1891
803
93
502
258
524
465
511
441
481
1917
171
209
972
2441
277
348
125
156
804
88
383
444
339
797
137
283
675
1095
1110
401
326
401
1640
116
206
474
436
106
565
421
2038
994
42
126
370
101
194
646
810
188
1777
203
112
7096
762
501
678
266
597
1005
816
582
1613
194
161
263
656
1704
432
1968
420
455
1765
278
975
2471
321
125
2026
208
672
1179
753
6225
961
392
237
1176
1905
542
1892
294
1147
275
793
114
785
1026
923
385
221
278
363
265
373
2198
243
2228
514
341
218
347
1092
884
557
146
370
281
946
344
314
1162
558
151
620
173
303
155
126
695
391
568
72
201
578
250
209
677
272
976
129
288
440
270
510
163
677
138
2014
1120
520
205
382
4127
522
104
390
320
918
264
453
260
3263
245
4868
915
217
969
439
1068
235
359
414
956
603
273
600
168
906
380
537
3183
541
546
582
1161
816
993
3075
231
981
1946
572
508
826
1270
968
232
1037
331
152
362
2797
392
82
862
222
196
1029
190
1391
564
381
222
672
2409
500
408
802
536
702
897
267
368
1516
498
467
5105
825
2033
952
483
1472
1161
477
227
336
164
219
596
584
645
1818
547
429
326
807
734
321
414
295
326
411
714
274
1417
231
794
620
2075
3021
1312
814
168
1913
224
201
1193
93
197
2415
1122
715
253
223
1706
244
1836
127
787
454
481
3303
201
1714
1067
1675
941
366
790
830
712
147
420
329
129
424
1071
783
651
255
329
782
522
254
1460
127
824
323
246
1782
248
557
908
353
182
430
2492
450
1094
268
1465
1783
1330
416
932
1232
400
390
696
872
705
87
143
1252
1897
265
263
297
2168
273
153
800
2723
1094
2700
120
596
190
101
2166
1270
440
699
689
691
145
170
1807
888
246
234
553
387
135
377
432
486
271
156
1703
1244
316
422
1252
266
1492
876
2318
860
904
1129
3672
329
515
410
581
541
572
4012
1114
1314
1572
295
147
664
552
509
181
301
1853
355
678
9789
551
2492
129
276
205
340
296
3482
495
1259
476
732
221
247
991
477
345
322
466
1199
935
642
294
1519
433
471
519
1096
396
161
1364
881
560
376
389
597
648
338
161
678
300
830
622
2059
336
246
230
465
828
1024
212
1319
749
5065
455
212
573
620
429
232
351
2882
656
285
551
143
1017
370
904
595
375
883
920
1167
890
544
585
512
503
189
1079
2065
704
812
1276
1033
522
945
347
834
540
2162
405
607
392
189
254
855
453
590
483
135
1453
508
2657
504
256
451
425
1347
1123
1019
381
368
510
117
719
438
426
159
326
254
208
2889
119
6572
229
643
443
296
437
230
452
484
252
1043
90
1514
514
1983
278
479
521
1281
3197
182
938
255
270
339
285
1018
996
163
750
303
809
287
792
522
997
690
1674
306
190
881
7397
225
478
1183
3196
2851
1789
1336
647
3478
144
708
166
512
1613
531
9184
838
361
470
2488
145
973
2331
1095
165
1471
689
241
150
1663
1251
2665
818
275
487
597
129
457
245
91
780
539
286
1794
130
296
175
210
507
1033
494
946
305
389
466
300
196
138
730
512
852
7576
135
46
956
2615
185
547
2349
212
269
437
805
329
349
749
629
703
314
551
867
527
469
104
651
355
2108
539
153
960
2272
455
344
3177
427
196
264
1190
558
884
273
625
5837
723
233
980
1102
