1.0500
0.9895
1.0500
1.0500
1.0500
0.8500
1.0500
0.8662
0.8769
0.9918
0.9322
1.0500
1.0500
0.9272
0.9993
0.9746
1.0500
0.8541
0.9700
0.8500
0.8500
1.0462
1.0500
0.8500
1.0500
0.8500
0.9102
0.8581
1.0500
1.0500
0.9346
0.9846
0.8500
0.8500
0.8500
0.9350
1.0500
1.0500
0.8500
0.8500
0.8500
0.8500
0.8500
1.0500
0.8500
0.8500
0.8500
1.0500
0.8500
0.8524
0.8500
0.9865
0.8500
0.8500
0.8937
0.9958
0.9149
0.9676
0.8500
0.8500
0.8500
0.8500
0.8500
0.8500
0.9397
0.8500
0.8500
1.0035
0.8500
0.9116
1.0500
0.9288
1.0500
0.8500
0.9900
0.8500
0.8500
0.8500
0.8500
0.9126
0.8500
1.0500
1.0041
0.8500
1.0500
1.0500
1.0500
0.8598
0.8500
1.0500
0.8500
1.0500
0.9466
1.0500
0.9797
1.0500
0.9023
1.0500
0.9284
0.9899
1.0500
0.8500
0.8500
1.0500
0.8500
1.0500
0.8500
0.8500
1.0500
1.0500
1.0500
1.0500
0.8500
1.0500
0.8500
1.0500
1.0500
0.8653
1.0373
1.0500
0.9842
0.8500
0.9667
1.0500
0.8500
0.8665
0.8500
1.0500
1.0500
0.9911
0.8500
1.0206
0.8500
0.9071
0.8500
1.0500
1.0289
0.8534
0.9885
0.8500
0.8500
0.9983
0.9373
1.0420
1.0500
1.0500
0.8500
1.0500
0.8500
0.8500
0.8847
1.0500
0.8500
0.8500
0.8780
0.8500
1.0500
0.8500
0.8500
0.8500
0.8500
1.0500
1.0500
0.9196
0.8500
1.0500
0.8500
0.8500
1.0500
0.9709
1.0500
0.9713
1.0500
0.8500
0.8500
1.0500
0.8500
0.8500
0.8500
0.9039
0.8500
0.8500
0.8500
0.8500
1.0398
0.8500
0.8500
0.9117
0.8500
1.0500
0.8500
0.9597
0.8912
0.8500
1.0170
0.8616
1.0500
1.0500
1.0500
1.0500
0.8500
0.8500
1.0500
1.0465
1.0431
0.8500
0.8946
0.8500
0.9626
0.8781
1.0500
0.9709
1.0500
0.8500
0.8500
0.8500
0.8962
0.9848
1.0500
0.8906
0.8500
0.8500
0.8500
1.0077
0.8500
0.9141
0.9350
0.9519
0.8500
0.8500
0.8500
0.8500
0.8500
0.9930
0.8500
1.0500
1.0500
0.8500
0.9953
1.0500
0.8500
0.8500
0.8703
0.8500
0.8500
0.8500
1.0500
1.0500
0.8500
0.8500
1.0165
0.8500
0.9317
0.8500
1.0500
1.0500
0.8500
0.8500
0.8500
1.0365
0.8500
0.8500
0.8500
0.8882
0.8500
0.9422
1.0171
0.9198
0.8500
0.9218
0.9892
0.8500
1.0500
0.9872
0.8500
0.8500
1.0104
0.8740
0.8500
1.0500
0.8753
1.0500
0.8500
1.0500
0.9640
1.0361
0.8500
1.0500
1.0500
1.0500
0.8500
0.8500
1.0500
0.8500
0.8696
1.0500
0.9219
1.0304
0.8500
0.9827
0.8500
1.0500
0.8736
0.8500
1.0490
0.8500
0.8500
0.8500
1.0500
0.8643
0.8701
1.0500
0.8500
0.8500
0.8500
0.9211
0.8906
0.8500
0.8862
0.8760
0.8500
0.8500
0.9614
0.8500
0.8500
0.8500
0.8647
1.0500
0.8500
1.0500
1.0500
0.8500
1.0500
0.8500
0.8500
1.0356
0.8500
1.0008
0.8500
1.0500
1.0500
0.8500
0.8500
0.8500
0.8500
0.8500
0.8500
0.9350
1.0294
0.9782
0.8500
0.8500
1.0500
0.8500
0.8500
0.8500
0.8500
0.8500
0.8500
1.0387
1.0500
0.9008
1.0500
0.9760
0.8965
0.9360
0.8574
0.8500
0.8500
0.8500
0.9627
0.8500
1.0500
0.8500
0.9111
1.0104
1.0438
0.8500
0.8537
1.0500
0.8500
0.9866
0.8500
0.8500
0.9086
0.8500
0.8500
0.8500
1.0500
0.9367
1.0268
0.8502
0.8500
0.8500
0.8500
0.8500
1.0500
1.0500
1.0500
1.0500
0.8500
0.8500
1.0500
0.9797
0.8500
0.9795
1.0500
0.9132
0.8586
0.8500
0.8500
1.0500
0.8500
0.8500
1.0500
1.0500
0.9829
0.9318
1.0500
1.0500
1.0500
1.0302
0.8500
0.9277
0.8709
0.9210
1.0500
0.8500
0.8500
0.9604
0.8500
0.8500
1.0500
0.9619
0.8500
0.9704
1.0500
0.9012
1.0500
0.9175
0.8500
0.8500
0.8808
0.9434
1.0500
0.8743
1.0023
0.8500
0.8500
0.8753
0.8500
1.0500
1.0036
0.9624
0.9758
1.0500
0.8500
0.8500
0.9446
0.8887
0.8500
0.8500
0.8500
0.9405
0.8500
1.0500
0.8500
0.8500
0.8500
0.9562
0.8500
0.8500
0.8500
0.8500
1.0500
1.0500
1.0500
0.8500
1.0500
1.0109
1.0500
1.0500
0.8500
0.8500
1.0500
0.8500
1.0500
1.0237
0.8898
0.9493
0.8500
0.8500
1.0500
1.0500
1.0500
0.8835
0.8500
0.8500
0.8500
0.8826
0.9856
0.8923
1.0500
0.8500
0.8500
0.8500
0.8500
0.8500
0.8500
1.0500
1.0500
1.0500
0.8500
0.8500
0.8500
0.9393
1.0115
1.0500
0.9636
1.0500
0.8502
0.8500
0.8500
0.8500
0.9541
0.8500
1.0500
1.0500
0.8500
1.0500
0.8500
0.9898
1.0500
0.9145
0.8500
0.8500
0.8500
0.8592
0.8546
0.8754
0.9477
0.8500
0.8500
1.0500
0.8500
0.8500
1.0500
0.8500
1.0500
0.8500
0.9367
0.9215
1.0500
0.8500
0.8500
1.0500
0.8500
0.9045
0.8500
0.8500
1.0500
0.8900
0.9436
0.8500
0.8500
0.9440
0.9793
1.0379
0.9019
1.0178
1.0015
0.8500
0.9083
1.0500
1.0319
0.8500
0.8500
0.8500
0.8707
1.0500
0.8500
0.8500
0.8500
1.0500
0.8500
0.8500
0.8515
0.9996
0.8500
0.8500
1.0215
0.9982
0.8509
0.8500
0.9787
0.9848
0.8500
0.8515
0.8500
0.8601
0.8500
0.9933
0.8500
0.9532
0.8500
0.8500
0.8753
0.8500
0.9257
0.8500
0.8500
0.8500
1.0353
1.0500
0.8705
0.9905
0.9501
0.9737
1.0500
0.8500
1.0500
0.8500
0.8500
0.8500
0.8500
0.8500
0.9410
1.0500
0.8874
0.8997
0.8500
0.8737
1.0042
0.8500
0.8500
0.9902
0.8500
0.9565
1.0500
1.0500
0.8798
1.0500
1.0500
0.8500
0.8500
0.8500
1.0500
0.8838
0.8500
1.0500
0.9642
0.8500
0.9709
1.0163
0.9504
1.0006
0.8850
0.8500
0.8500
0.8500
0.8500
0.8500
1.0012
0.9219
0.8500
0.8500
0.8948
1.0500
0.8500
0.9843
0.8500
0.8500
0.8500
0.8500
0.9491
0.9879
0.8500
1.0500
1.0500
0.9886
0.8500
1.0500
1.0500
1.0500
0.8500
0.8500
1.0500
0.8500
0.8920
1.0500
0.9739
1.0500
0.8500
0.8500
0.8500
1.0500
0.8500
0.8500
0.9443
1.0500
0.8500
0.8500
0.8500
1.0500
0.9525
1.0500
1.0500
0.8922
1.0500
0.9473
0.8500
1.0500
0.8500
0.8500
1.0500
0.8774
0.8500
0.8500
1.0500
0.8500
0.8500
0.8500
0.9411
0.8500
0.8500
0.8500
0.8500
1.0500
1.0500
1.0313
0.8500
0.8500
0.8500
0.8500
1.0500
0.8500
1.0261
0.8500
0.8767
0.8500
0.8500
0.8500
1.0500
0.8703
0.8500
1.0243
0.9023
1.0500
0.8500
0.9679
1.0500
0.8500
1.0002
1.0500
0.8967
1.0500
1.0499
0.8500
0.9089
0.8500
0.8500
0.9594
1.0500
0.9055
1.0500
0.8500
0.8773
0.9043
1.0500
0.8521
0.8500
0.9048
0.8500
0.9431
0.8500
0.8500
0.8869
0.8500
0.8500
0.8850
1.0500
1.0166
1.0368
0.8500
1.0066
0.9332
1.0183
0.9945
0.8500
0.8907
0.8500
0.8888
0.8500
1.0500
0.8500
0.8500
0.9167
0.8500
0.8500
0.8500
1.0500
1.0500
0.8871
0.8500
1.0500
0.9906
1.0114
0.8941
0.8500
0.8749
0.8500
1.0442
1.0500
0.8500
1.0047
1.0500
0.8500
1.0500
0.8500
0.9051
0.8975
0.9026
0.8500
0.8500
0.8500
0.9731
0.9738
1.0500
1.0500
0.8500
0.9726
1.0500
0.9068
0.8844
0.9115
1.0500
0.8500
0.8500
1.0052
0.9696
0.9536
0.8500
1.0500
1.0500
0.9909
0.8568
1.0500
0.8500
0.8500
0.9073
0.8500
0.8500
0.8500
0.8500
0.8500
0.8500
0.8500
0.8500
0.8500
0.9057
1.0500
0.9386
0.9047
0.9222
0.9508
0.8500
0.8743
0.9690
0.8500
1.0500
1.0500
0.8500
0.8500
0.8500
1.0500
0.8500
0.8503
0.8500
0.9114
0.8500
1.0500
0.8500
0.9134
0.8525
0.8500
0.8500
1.0500
0.8500
0.9606
0.8500
0.8500
1.0056
1.0500
0.8608
0.8500
1.0500
0.8500
0.8500
1.0500
0.8500
0.8500
0.8500
0.9822
0.9426
0.8500
1.0500
0.8500
0.8500
1.0500
1.0500
0.8500
0.8500
1.0500
0.8500
0.8500
1.0500
0.8876
0.8500
0.9789
0.8658
0.8500
1.0500
1.0500
0.9459
0.9101
1.0500
0.8500
0.8500
0.9815
1.0500
1.0500
0.8500
0.9689
0.8500
0.8500
0.8500
0.8500
1.0500
0.8500
0.8500
0.9818
1.0500
1.0076
1.0500
0.8833
0.9579
0.9616
1.0500
1.0134
0.8740
0.8500
0.9547
1.0500
0.8500
1.0183
0.9550
1.0500
0.8500
1.0500
0.8500
0.8500
1.0500
0.9664
1.0500
0.8500
0.8833
0.9027
1.0500
1.0500
1.0500
0.8500
1.0500
0.9504
1.0500
1.0500
0.8500
0.8500
0.8500
0.8679
0.8500
0.9804
0.8677
0.8500
1.0500
0.8500
0.9968
0.8500
1.0500
1.0500
0.8500
0.9986
0.9400
0.8500
0.9538
0.9646
0.9923
0.8556
0.9211
0.8500
0.8500
1.0243
1.0500
0.8500
0.9234
0.9510
0.9451
1.0209
0.8500
0.8890
0.9534
0.8500
1.0500
0.9361
1.0500
0.8500
0.8500
0.9501
0.8500
0.9481
0.9217
1.0500
1.0500
0.8500
0.8500
1.0500
0.8500
0.8500
0.8500
1.0500
0.8500
0.8500
0.9308
0.8537
0.8500
1.0500
1.0500
1.0500
1.0500
0.9900
0.8500
1.0500
0.9675
1.0360
1.0500
1.0500
0.9936
0.9974
0.8500
0.9074
0.8500
0.8500
0.8500
0.8651
1.0500
1.0500
0.9424
0.8500
1.0500
0.8500
0.8500
0.9469
0.8500
0.9497
0.8802
0.9220
0.9853
0.9151
0.9037
0.9636
0.9929
0.8500
0.8500
0.8862
0.8500
0.9196
1.0500
1.0358
0.8500
0.8500
0.9734
0.8500
0.8500
1.0335
0.8500
0.8500
0.8500
0.8500
0.8500
1.0500
0.9116
0.8500
0.8500
0.8500
0.8500
1.0500
0.8798
1.0500
0.8854
0.9779
1.0483
0.8500
0.8931
1.0500
0.8500
0.8500
0.8500
0.9602
1.0174
1.0500
1.0117
0.8861
1.0500
1.0500
0.8500
1.0500
1.0500
0.8624
0.9845
1.0500
0.8615
1.0500
1.0500
0.8500
0.8500
1.0500
1.0030
1.0500
0.8704
0.8500
0.8500
0.8500
0.9105
1.0500
1.0188
0.8713
0.8500
0.9486
0.9175
1.0500
0.9327
0.8500
0.8500
1.0500
0.8500
1.0500
0.8500
0.8620
0.8700
1.0500
0.8569
0.8925
0.8500
0.9462
1.0187
0.9535
1.0500
0.9123
0.9669
1.0500
0.8500
0.8500
1.0500
1.0500
1.0500
1.0500
0.9731
1.0500
0.9845
0.9536
0.9355
0.9431
0.8500
1.0500
0.8708
1.0500
0.8831
0.9941
0.9551
0.8500
1.0500
1.0500
0.8967
0.8500
0.8500
0.8500
0.8602
0.9561
1.0500
1.0500
0.8500
0.8500
1.0500
0.8612
0.8500
1.0500
1.0500
0.9042
0.8500
0.8500
1.0319
0.8500
0.8500
1.0500
1.0449
0.8500
0.8500
1.0500
0.8500
1.0500
1.0378
1.0200
0.9905
0.9428
1.0500
0.8500
0.9192
1.0500
1.0259
0.8500
0.8500
0.9565
0.8500
1.0500
0.8500
0.8637
1.0500
0.9739
0.8675
0.8500
0.9674
1.0500
1.0071
0.8500
1.0500
0.8500
0.8500
1.0500
0.9505
0.8500
0.8500
1.0500
0.9262
1.0195
0.9711
0.9972
1.0208
1.0500
0.8500
0.8500
0.8500
0.8500
0.9606
1.0500
1.0339
0.8500
0.8500
0.8500
1.0500
0.8500
0.8500
0.9294
0.8500
0.8500
1.0500
1.0130
0.9803
0.8500
1.0500
0.8500
1.0500
0.8500
1.0500
1.0500
0.8500
0.9945
1.0224
0.8500
0.8500
0.8500
1.0210
0.8810
0.8500
1.0500
1.0136
0.8500
0.8500
1.0170
0.8500
0.9222
1.0500
1.0123
0.8500
0.9359
0.8500
1.0500
0.8500
0.9463
0.9688
0.9356
0.8500
0.8500
0.8500
0.9714
0.8692
0.8500
0.8500
0.8500
0.8500
1.0147
0.8500
1.0348
0.8500
0.8500
0.8500
0.8500
1.0398
0.8500
0.8500
0.8836
0.8500
0.8500
0.8500
0.8500
0.8866
0.8500
0.8508
1.0500
0.8942
1.0500
0.9775
1.0500
0.8500
0.9235
0.9299
0.8500
0.8500
0.8500
1.0500
0.8500
1.0500
0.8500
0.8500
1.0392
0.8500
1.0271
0.8500
1.0074
0.8500
1.0500
1.0091
0.8500
1.0500
1.0208
1.0500
1.0500
0.8578
0.8500
0.8500
0.8500
0.8500
0.9552
1.0500
0.8500
1.0500
0.8500
0.8500
0.8500
0.9831
1.0023
1.0500
1.0500
0.9544
0.9873
1.0500
0.8500
1.0500
0.8500
0.9920
0.8500
0.9006
1.0500
0.9368
1.0500
1.0500
0.9870
1.0500
0.8500
0.8982
0.8500
1.0500
0.9926
0.8500
0.9346
1.0500
0.8912
0.8500
0.9295
0.8500
1.0500
0.8500
0.8500
1.0500
0.8500
1.0500
0.8500
0.8500
1.0500
1.0500
1.0500
0.8528
0.8731
0.8500
0.8500
0.8500
0.8500
0.8500
1.0500
0.8500
0.8500
0.8500
0.8500
0.8500
1.0500
0.8692
0.9057
1.0365
0.9640
1.0500
0.8500
0.8500
1.0489
0.8500
0.8500
1.0120
0.8500
1.0500
1.0500
0.8500
0.9909
1.0500
0.9330
0.8500
1.0500
1.0421
1.0213
1.0500
0.8500
1.0500
1.0500
0.9976
0.9431
1.0500
0.9756
1.0457
0.9003
0.8500
0.8500
0.8500
0.8500
0.8500
1.0500
1.0500
0.8500
0.8500
0.9252
0.8500
0.9151
1.0500
0.8920
0.9751
1.0500
0.8500
0.9637
0.8500
0.8936
0.8500
0.8500
0.9388
1.0267
0.9327
1.0115
0.8500
0.8500
0.9933
1.0500
0.9111
1.0500
1.0500
1.0500
0.8551
0.8500
0.8500
0.8500
1.0064
0.8500
1.0500
0.8500
0.8500
0.8500
0.8745
0.9030
0.8727
0.9758
0.8500
0.8500
1.0226
0.9221
0.9441
1.0500
0.8500
0.8500
1.0500
0.8500
0.8500
1.0500
0.9533
0.9235
0.8795
0.9070
0.8794
1.0500
0.8500
0.8639
1.0500
0.9062
1.0500
0.8765
1.0500
0.8500
0.9344
0.8500
1.0500
0.8500
0.9635
0.8500
0.8500
0.8500
0.8500
1.0500
0.8500
1.0500
0.8872
1.0500
0.8500
0.8500
1.0500
0.8635
0.8807
0.8500
1.0500
0.9665
0.9098
1.0438
1.0315
0.9475
1.0500
0.8865
0.9622
0.8500
0.9336
1.0500
0.8500
0.8500
1.0500
0.8667
0.9215
0.8899
0.9177
1.0500
0.8500
0.8500
0.9190
0.8500
0.8500
1.0500
1.0500
0.8978
1.0500
0.8500
0.8500
1.0394
1.0500
1.0147
0.8500
0.8500
1.0067
0.8500
1.0500
1.0500
1.0248
0.8500
0.8921
0.9539
1.0500
1.0500
1.0500
0.8500
1.0500
0.8500
0.8500
0.9963
0.8665
0.8500
0.8500
0.8500
1.0190
1.0500
0.8776
0.8500
0.8500
1.0500
1.0500
0.8500
0.8500
0.8500
0.8500
0.9508
1.0500
1.0500
1.0180
0.8500
0.8500
0.8500
1.0500
0.8862
0.8500
0.8589
1.0500
0.8500
1.0500
0.9350
0.8516
0.9990
0.9488
0.8500
0.8500
0.8500
1.0468
0.8500
0.8500
0.9371
1.0500
0.8892
0.8500
0.9903
1.0500
0.8500
0.9855
0.9459
1.0500
1.0500
0.8583
0.8500
1.0500
0.8500
0.8500
1.0500
0.8500
1.0500
0.9751
0.9714
0.9687
0.8500
0.8500
0.9482
1.0270
0.9185
0.8500
0.9042
0.8817
0.8500
1.0500
0.8500
1.0316
0.9859
1.0500
0.8500
0.9227
1.0500
1.0480
0.9225
1.0206
0.9193
1.0500
1.0500
0.8809
0.9564
0.8500
1.0500
0.8500
0.8500
1.0500
1.0500
1.0047
0.9252
1.0470
0.8500
0.9383
0.9087
1.0401
0.8500
0.8500
1.0500
0.8500
0.8500
1.0500
0.9085
0.8500
0.8500
1.0500
1.0500
0.8500
0.8500
0.8945
0.8500
0.8500
0.8769
0.8500
0.9552
1.0360
0.8500
0.8500
1.0500
0.8500
0.8500
0.9476
1.0340
0.8500
1.0030
0.8500
0.8500
1.0500
1.0500
1.0500
0.9317
1.0500
0.9795
0.8500
1.0043
0.8789
0.8500
0.8500
1.0500
0.8500
1.0351
0.8500
0.8500
0.8500
1.0500
0.8561
0.9194
1.0500
1.0500
0.8500
1.0500
0.9412
0.8500
0.9054
1.0500
0.8500
0.9896
0.8978
0.8500
0.8500
0.9432
1.0500
1.0500
1.0335
0.8500
1.0500
0.9481
0.8500
0.8591
1.0500
0.9017
1.0500
1.0500
0.9896
0.8500
0.9303
0.9101
1.0500
0.8500
0.8699
0.8500
0.9749
0.8500
1.0500
0.9031
0.8500
0.8500
1.0362
0.8500
0.9007
0.8500
0.8500
0.9060
0.9410
0.8500
0.9610
1.0500
0.8500
1.0500
1.0500
0.8500
0.8500
0.8500
0.8717
0.8500
1.0500
0.8500
0.8500
1.0500
0.8500
0.8500
0.8500
1.0500
0.8500
0.8500
0.8500
0.8500
0.8500
1.0500
0.8500
0.8500
0.8500
0.9049
0.9095
1.0500
0.9207
0.8779
0.8500
0.8500
0.8500
0.8500
0.8500
1.0204
0.8681
0.8552
0.8500
1.0104
1.0089
0.8500
1.0500
0.8500
0.8951
0.8500
0.8500
0.9424
1.0500
0.9151
0.8500
1.0000
0.9236
0.9062
0.8500
1.0500
1.0020
0.8500
0.8758
0.8500
0.8500
0.8500
0.8500
1.0500
0.8500
1.0239
0.8500
0.8865
0.8500
1.0500
0.8500
0.8500
0.8500
0.9616
0.8500
0.8965
0.8500
1.0500
1.0217
1.0000
0.8500
1.0043
1.0500
0.8500
0.9385
0.8500
1.0500
0.8500
1.0500
0.8500
1.0500
0.8500
1.0220
0.9337
0.8500
1.0500
0.8500
0.9668
1.0500
0.8933
0.8736
0.8681
0.8500
0.9085
1.0146
0.9153
0.8500
0.8500
0.8500
1.0500
0.8500
0.9090
0.8500
1.0500
0.9124
1.0500
0.8500
1.0028
0.9626
1.0500
0.8500
0.8653
0.9148
0.8500
1.0500
0.8500
1.0500
1.0500
1.0500
1.0251
0.8500
0.8500
1.0281
1.0500
1.0500
0.8500
0.8500
1.0500
0.8500
1.0500
1.0500
1.0020
0.8500
0.9092
1.0327
0.9023
1.0500
0.8500
0.8500
0.8500
0.8500
0.8500
0.8500
0.8500
0.9176
0.9934
0.8500
1.0500
1.0500
0.8534
1.0500
0.9445
1.0500
1.0500
0.8500
0.9042
1.0500
0.9068
0.8918
1.0500
0.8500
0.9039
0.9724
0.8500
0.8955
1.0500
0.9968
0.8500
0.8500
0.8500
0.9003
0.8642
0.8500
0.8500
0.8500
0.9934
0.8911
0.8500
0.9064
1.0500
0.8500
1.0500
0.8500
0.9442
0.9219
1.0500
0.9354
0.8500
0.8500
0.8500
0.8500
0.9103
0.8500
0.8819
0.8500
0.8500
0.8500
1.0500
1.0500
0.9830
0.8500
1.0439
1.0500
0.9614
0.8500
1.0500
0.9945
0.8500
1.0441
0.8500
1.0484
0.8655
1.0500
0.8781
0.8500
0.8671
1.0500
0.9059
0.8744
1.0500
0.9470
0.8987
1.0500
1.0500
1.0371
0.8500
1.0500
1.0500
1.0500
0.8500
0.9315
0.8500
0.8644
0.9537
0.9224
0.8500
1.0500
0.8500
1.0500
0.8500
0.9856
0.8500
1.0500
0.9193
0.9554
0.8500
0.8500
0.9463
1.0305
1.0500
0.9498
1.0500
0.8500
0.8500
0.8500
0.8500
1.0500
0.8500
1.0500
1.0500
0.9096
1.0122
0.8875
1.0204
1.0081
0.8724
1.0129
1.0500
1.0500
0.9729
0.9279
0.8500
0.8500
0.9723
0.8500
0.8500
1.0500
1.0500
0.8500
1.0500
0.8527
0.8966
0.8746
1.0500
0.8500
1.0020
0.8500
1.0276
1.0500
0.8999
0.9837
0.9916
0.8500
1.0500
1.0500
1.0500
0.9164
0.8500
0.8500
1.0500
1.0500
0.8858
0.8500
0.8500
0.8500
0.8708
1.0500
0.8500
1.0129
1.0500
0.9287
0.8681
0.8500
0.8500
0.9930
0.8551
0.9274
0.8894
1.0485
0.8500
0.8500
1.0500
0.8500
0.8500
0.8500
0.9995
1.0500
0.8500
0.8500
0.8500
1.0185
0.8500
0.8500
0.8500
0.8500
0.8749
1.0500
0.9660
0.8500
0.8500
0.9391
0.8500
1.0500
0.9143
0.8500
0.8500
0.8500
0.8500
0.8500
0.8500
0.8500
0.8500
1.0500
0.9234
0.8500
0.8500
0.8500
0.8500
1.0500
0.9564
1.0500
0.9841
0.8500
1.0500
1.0500
1.0500
0.8500
0.8670
1.0500
0.8500
0.8500
0.8500
0.8500
0.8500
1.0500
0.8500
0.8500
0.8500
0.9317
0.8975
1.0500
1.0118
0.8500
0.8500
1.0500
0.8500
1.0500
0.8500
1.0280
0.8500
0.8500
1.0500
0.8716
1.0500
1.0058
1.0500
0.8500
0.8505
0.9949
0.8500
1.0500
0.8500
0.8500
0.8500
0.8500
1.0500
0.8543
0.8500
0.8556
1.0500
0.8500
1.0500
0.8500
0.8500
1.0268
1.0500
0.8500
0.8500
0.8500
1.0500
0.8500
0.8500
1.0500
0.8500
1.0500
0.9410
0.9644
0.8500
0.9817
0.8500
1.0315
1.0500
1.0500
0.8500
0.8500
0.8580
1.0089
0.8762
0.8500
1.0331
1.0500
0.8500
1.0500
0.8500
0.8500
0.8500
0.8500
0.9744
1.0500
1.0133
0.8500
0.8500
1.0245
0.8500
1.0460
0.8579
0.8500
0.9642
0.8994
0.8918
0.8812
0.9938
1.0500
1.0110
1.0500
0.8901
1.0500
1.0277
0.8500
0.8500
0.9460
0.8500
0.8500
0.9535
0.8500
0.8500
0.8923
0.9163
0.8540
0.8500
1.0500
0.9766
0.8500
1.0500
0.9433
1.0500
0.8500
0.8500
0.8500
0.8500
0.8500
1.0500
0.8732
1.0032
0.8896
0.8500
0.9085
1.0500
0.8500
1.0500
0.8500
0.8500
0.9008
0.9730
1.0500
0.8888
0.8500
1.0454
0.8500
0.9534
0.8740
0.8500
1.0137
1.0304
1.0500
1.0500
0.8500
1.0155
0.9915
0.8500
0.9888
1.0117
0.8500
0.9551
0.8500
0.8500
0.8500
0.8500
0.8545
1.0230
0.9002
0.8500
1.0500
0.8735
1.0092
1.0500
1.0500
1.0500
0.8838
0.9696
0.8500
1.0500
0.8500
0.8500
1.0500
0.8500
1.0500
0.9912
0.8500
0.8500
0.8500
0.9037
0.8500
0.8500
0.8500
0.9380
0.9203
0.8500
1.0500
1.0500
1.0264
0.8500
0.8500
0.9910
0.8500
0.8500
1.0500
1.0142
1.0500
0.8500
1.0500
0.8500
1.0500
0.9237
0.8500
0.8500
0.8500
0.8500
1.0500
0.8753
0.8500
1.0500
0.8500
0.8500
1.0285
0.8500
1.0473
0.8500
0.8501
0.9340
0.8500
0.8970
1.0500
0.9918
1.0075
0.8500
1.0500
1.0497
1.0500
0.8500
0.8614
1.0417
0.8500
0.8500
1.0500
1.0500
1.0500
1.0500
0.8500
1.0146
0.8500
0.8500
0.8500
0.9259
0.8500
0.8500
1.0500
0.9322
0.9522
0.9250
0.8500
0.8500
0.9694
0.8500
0.8500
0.8500
0.8500
1.0500
1.0166
1.0111
0.8500
1.0500
0.9715
0.8500
0.8500
1.0500
0.8500
0.9679
1.0500
1.0500
1.0500
1.0500
0.8500
0.8500
0.8500
1.0500
0.8500
0.9863
0.9226
0.8500
0.9854
0.9891
0.8500
1.0500
0.8500
0.8500
1.0500
0.8500
0.9783
0.8500
0.8792
0.8500
0.8500
0.8500
0.8500
0.8500
0.8500
1.0500
0.8500
1.0419
1.0500
0.9311
0.8500
0.8500
0.8500
1.0500
0.9348
1.0500
1.0500
0.9315
1.0059
1.0500
1.0500
0.8500
1.0500
1.0310
1.0500
1.0500
0.8500
0.8500
1.0280
1.0500
0.8500
0.8579
0.8500
1.0500
0.8500
0.8500
0.9839
0.8816
0.8500
0.8500
1.0201
0.8500
0.8500
0.8500
1.0500
0.8500
0.8500
0.9228
1.0129
1.0500
0.9487
0.8500
1.0060
1.0500
0.8913
0.8900
0.9582
0.8844
0.9559
0.8500
0.8500
0.8500
1.0436
0.9579
1.0500
0.8583
0.8500
1.0500
0.8958
1.0500
1.0337
1.0500
0.8509
1.0500
1.0500
0.8500
0.8614
0.8500
0.8500
0.9283
1.0500
1.0427
0.9760
1.0500
0.8500
0.8500
1.0500
0.9968
0.8530
1.0500
0.8500
0.8500
0.8500
1.0500
0.9005
0.8500
1.0149
1.0500
1.0500
1.0384
0.8500
0.8500
1.0078
0.8877
1.0168
0.8500
0.8862
0.8500
0.8500
0.9661
1.0500
0.9549
0.8926
0.8500
1.0500
0.8902
1.0500
1.0500
0.8500
1.0500
0.8500
0.8500
0.8500
0.8790
0.9889
0.8500
0.8500
1.0343
0.8970
0.9390
0.8500
0.8604
0.8500
0.8500
1.0500
0.8500
0.8500
0.8500
1.0007
0.8500
1.0500
1.0500
0.8500
0.8500
0.8500
0.8500
0.9678
1.0500
1.0500
0.8500
1.0500
1.0500
0.9442
1.0346
1.0500
1.0500
1.0068
0.8866
0.8500
0.9683
1.0500
0.9547
0.8500
0.9199
0.8711
0.9592
0.8500
1.0232
1.0331
0.9995
0.8992
0.8500
0.8957
1.0500
0.8500
0.8500
0.8500
0.9702
0.9834
1.0500
0.8876
0.8500
0.8500
1.0500
0.9314
1.0453
0.9972
0.8542
0.8611
1.0500
0.9927
0.8712
1.0018
0.9498
0.8500
1.0454
1.0500
0.8500
1.0500
0.8500
0.9656
1.0500
0.8500
1.0500
0.8500
0.8500
0.8500
1.0480
0.8500
0.8500
0.8516
0.8500
1.0500
0.8500
0.9158
0.8500
0.9970
0.8589
0.9727
0.8500
0.9217
0.9926
0.8554
1.0497
1.0500
1.0500
0.9234
0.8500
0.8500
0.8500
0.8915
0.8648
0.9618
0.8500
0.8500
1.0241
1.0467
0.8500
0.8914
0.9904
1.0128
0.8500
0.8500
0.8500
0.8500
1.0500
1.0222
0.8500
1.0145
0.9192
0.8500
0.8500
0.8609
1.0500
0.8500
0.8500
1.0500
1.0500
0.9581
0.8500
0.8500
0.8814
1.0500
1.0041
0.8500
1.0500
0.8500
1.0500
0.8500
0.8500
0.9390
1.0500
1.0500
0.9356
0.8500
0.8500
0.8500
0.8500
0.8601
0.9870
0.8500
0.8873
0.8500
1.0500
0.8500
1.0500
1.0500
1.0057
0.8500
0.8500
1.0500
0.8500
0.8500
0.8500
0.8500
0.8500
1.0500
1.0500
0.8500
0.9464
1.0500
0.9225
0.8500
0.8500
1.0500
1.0109
1.0290
0.8500
0.9525
1.0406
0.9702
0.8500
1.0500
0.8500
1.0500
1.0500
1.0500
0.8500
0.8500
1.0500
0.8500
0.9098
0.8500
0.8500
0.9718
0.8500
1.0324
0.8500
0.8500
0.8888
0.9965
1.0290
1.0500
0.8500
0.8500
0.9238
1.0500
1.0500
1.0500
0.8500
0.9614
0.8500
0.8500
0.8500
0.8500
0.8500
0.9006
0.9050
1.0215
0.9313
0.8500
0.8500
0.8500
0.8500
1.0098
1.0500
1.0500
0.8500
1.0050
0.8500
0.9834
1.0500
0.8666
1.0500
0.8500
0.8500
0.8696
1.0500
0.8500
0.8500
0.8500
0.9454
1.0500
1.0500
1.0500
0.8537
0.8500
1.0500
0.8929
0.8612
1.0500
0.8558
0.8500
1.0500
0.9180
0.8500
0.8500
0.9213
1.0500
0.8500
0.8500
1.0500
0.8872
0.8500
0.8500
1.0500
1.0490
1.0500
0.8871
0.8500
0.8514
0.9304
0.8500
1.0255
0.8500
0.8500
0.8544
0.8500
0.8500
1.0001
0.8500
1.0500
0.8500
0.8500
0.9205
1.0500
0.8500
1.0500
1.0500
1.0500
1.0500
1.0500
1.0500
1.0500
0.9465
0.8500
0.8500
0.8500
0.8500
0.8500
0.8658
0.8500
0.8500
0.8709
0.8576
0.8500
0.8500
0.8500
0.8500
0.8500
1.0500
0.9539
0.8500
0.8500
0.8500
1.0500
1.0500
1.0500
0.8500
0.8796
0.8500
1.0257
0.8500
0.8500
0.8500
0.9343
1.0500
0.8500
1.0485
1.0500
0.8523
0.8500
0.8500
1.0323
0.8500
0.8500
1.0371
0.9290
0.8500
1.0500
1.0500
0.9310
0.8500
0.8500
0.8500
0.8500
0.9906
0.8500
0.9369
0.8500
1.0500
0.8500
0.9612
0.8500
1.0500
0.8743
1.0109
0.8500
1.0116
0.9685
0.9813
0.9699
0.8567
1.0500
0.8651
0.8500
0.8869
0.8500
0.8500
0.8604
0.8500
0.9446
1.0500
1.0277
1.0500
0.8500
0.8500
0.8500
1.0500
0.8500
0.8500
0.9229
0.8500
1.0500
1.0001
0.8500
0.8500
0.8500
0.8500
1.0044
0.9360
0.9716
1.0500
0.8500
0.8570
0.8500
0.8820
1.0500
1.0272
0.8744
0.9563
0.8500
0.8500
0.9191
0.9222
0.8500
0.9733
0.9624
0.8500
0.9009
0.8500
0.8500
0.9301
0.8500
0.8974
1.0500
0.8611
0.8500
0.8663
0.8500
0.8500
1.0500
0.8500
0.9546
1.0500
0.8500
1.0056
1.0500
0.9470
0.8500
0.8500
1.0500
1.0324
0.8500
0.8500
0.8500
1.0500
0.8848
1.0500
1.0242
0.9983
0.9685
1.0500
0.8500
1.0500
0.8776
0.8500
0.9677
1.0500
0.8500
1.0268
0.8500
0.8500
0.8500
1.0500
0.8500
0.9431
0.8500
0.8500
0.8500
0.8500
0.8500
1.0500
0.8500
0.9355
1.0500
0.8500
0.8500
0.9570
0.8500
0.8500
0.8500
0.9737
0.8500
1.0500
1.0500
0.8500
0.8500
0.8500
1.0500
0.8500
0.9455
0.8500
0.8984
1.0500
0.8500
1.0500
0.8852
0.8500
0.8500
0.8500
0.8500
0.8500
1.0500
0.8500
0.9657
0.8500
1.0500
0.8500
0.8796
0.8500
0.9885
1.0500
0.8500
0.8500
0.8500
0.9289
0.9143
1.0500
1.0233
0.8500
0.9503
0.8500
0.8500
0.8716
1.0500
1.0500
0.9313
1.0500
0.8899
0.8881
0.8500
0.8500
0.8500
0.9240
0.9031
0.8500
0.8500
0.8628
0.8500
0.8500
0.8500
0.8500
0.8500
0.8500
1.0500
0.8500
0.8576
0.9957
1.0245
0.8500
0.8500
0.8500
0.8675
0.8500
0.9351
0.8500
0.8500
0.8500
1.0500
0.9823
0.9825
0.8500
0.8500
1.0254
1.0500
0.9034
1.0500
1.0500
0.8500
0.9962
0.8905
0.9868
1.0500
0.8500
0.8500
1.0500
0.8500
0.8500
0.9458
0.8500
0.8500
0.9076
0.8500
1.0337
0.8500
0.8500
0.8530
1.0500
1.0500
0.8500
1.0500
0.8500
0.8500
1.0500
0.8500
1.0500
1.0500
0.8556
1.0500
1.0500
0.8500
1.0500
0.8500
0.8814
0.9293
0.8500
0.8500
0.9822
0.8500
0.8500
0.8500
0.9740
0.8500
1.0500
0.9411
0.8500
0.8500
0.8500
1.0500
0.8500
0.8500
0.8642
0.9005
0.8500
0.8500
0.9593
1.0500
0.9780
0.8942
0.8500
0.8500
1.0166
1.0500
1.0500
0.9309
1.0500
1.0500
0.8500
0.8500
1.0500
0.9527
0.9251
0.9877
0.8500
0.8500
0.8500
1.0500
0.8500
1.0115
0.8500
0.8500
1.0500
1.0500
0.9767
0.8500
1.0500
1.0500
0.9204
0.9023
1.0500
1.0500
0.8934
0.8500
0.8567
1.0500
1.0500
0.8500
1.0039
1.0500
0.8500
0.8993
0.8500
0.9290
0.8500
0.8500
0.8500
0.8500
1.0500
1.0197
0.8500
0.8500
0.8500
0.8500
1.0500
1.0500
1.0500
0.9742
0.8630
0.8500
1.0500
0.8500
1.0500
0.8500
0.8500
0.8500
0.9356
0.8500
1.0500
0.9922
1.0202
0.9632
0.8500
0.9278
1.0500
0.9019
0.8500
0.8500
0.8500
0.8500
1.0500
1.0500
0.8500
1.0373
0.8500
0.8898
0.9832
0.8500
0.9935
0.8500
0.9263
0.8922
0.8500
0.8500
0.8500
0.9926
0.9277
0.9613
0.8500
1.0500
1.0500
0.8500
1.0500
0.8500
0.8500
0.8500
1.0500
0.8767
1.0500
0.8802
0.9599
1.0500
1.0500
0.8500
0.9838
1.0106
1.0500
0.9159
0.8500
0.8992
0.8500
1.0500
1.0500
0.8545
0.9958
0.8630
1.0500
1.0500
1.0271
1.0500
1.0477
1.0500
1.0188
0.9340
0.8500
0.8500
0.8938
0.8500
0.9134
1.0500
0.9386
0.8500
0.8500
0.8500
1.0500
0.8500
0.8500
0.8500
0.8500
0.8500
0.8500
0.8859
0.8500
0.8500
1.0500
0.8500
1.0500
0.8500
1.0500
1.0500
0.9517
0.8500
0.9195
0.9106
0.9536
0.8500
0.8500
0.9363
0.8977
0.9005
1.0500
0.8500
1.0500
0.8500
0.8500
0.8500
0.9200
0.8500
0.8500
0.8500
1.0500
0.9337
1.0500
0.9013
0.8500
1.0500
0.8500
0.8500
0.9407
1.0500
0.8550
1.0500
0.8500
1.0488
0.9008
1.0500
0.9479
0.8500
1.0500
0.8818
0.8500
1.0500
0.8500
1.0342
0.8500
0.8500
1.0500
0.8500
0.8500
0.8500
1.0500
0.9890
0.9532
1.0500
0.8500
0.8500
0.8796
0.8500
1.0500
0.8959
0.8500
0.9528
0.8500
0.9101
1.0500
1.0352
1.0500
0.8500
0.8500
0.9693
0.8500
0.8500
1.0500
1.0434
1.0500
0.9063
1.0500
0.8805
0.8500
0.8500
0.8895
1.0500
0.9015
1.0500
1.0500
0.8612
1.0500
0.8500
1.0500
0.9142
0.8505
0.8635
0.8650
0.8500
0.9444
0.8610
0.8500
0.9933
0.8500
1.0500
0.8924
0.9284
0.8500
0.8500
1.0500
0.8500
0.8500
0.8500
1.0500
0.9837
1.0500
0.8500
0.9477
0.8500
1.0500
0.9243
0.9099
0.9756
1.0500
0.8520
1.0500
0.8500
0.9944
1.0500
0.8500
0.9548
1.0500
0.8692
0.8500
0.8500
1.0299
1.0500
1.0500
1.0500
0.9161
0.9466
0.8500
0.9710
1.0370
0.8500
1.0440
0.8500
1.0500
0.9671
1.0500
1.0500
1.0500
1.0500
1.0446
0.8500
0.8500
1.0500
0.8500
0.8500
0.8500
1.0500
0.8500
1.0500
0.8500
0.8500
1.0500
1.0500
0.8500
1.0009
1.0342
0.9469
0.8500
0.9064
0.8500
0.9473
0.8547
0.8500
0.9366
1.0500
0.9646
0.8500
0.9752
1.0500
1.0500
1.0500
1.0202
0.8500
0.8500
0.8547
0.8500
0.8500
0.8620
0.8500
0.8500
0.8500
0.9518
1.0500
0.8500
1.0500
1.0500
0.8795
1.0456
0.9440
1.0500
0.8500
0.8500
0.9321
1.0500
0.9292
0.8500
0.8500
0.8500
0.9870
0.8500
0.8500
1.0500
1.0500
0.8500
0.9950
0.8500
0.9443
1.0500
1.0178
0.9226
0.8500
0.8500
0.8600
0.8500
1.0500
1.0262
0.8771
0.8500
0.8843
1.0500
1.0500
0.8500
0.8500
1.0500
1.0500
1.0500
0.8690
1.0500
0.8500
1.0500
0.8920
1.0500
1.0445
0.8706
0.8608
1.0500
1.0500
0.8500
0.8500
0.8500
0.8500
0.8500
0.9608
0.8500
1.0500
1.0500
0.8936
1.0500
0.9054
0.8500
0.9145
1.0500
0.8500
0.8534
0.9665
0.9812
0.8500
1.0093
0.9653
0.8500
1.0500
0.9983
0.8500
0.8500
1.0500
0.9228
1.0500
0.8500
0.8500
0.8938
0.9391
0.8500
0.8500
0.8500
0.8500
0.8500
0.8500
1.0500
0.8500
0.8500
0.8500
0.8500
0.9243
1.0494
0.8500
0.8500
0.8500
0.8500
0.9348
1.0500
1.0167
0.8500
0.9216
0.8500
0.8727
0.8500
0.8500
0.9907
1.0500
1.0500
0.8839
1.0500
1.0500
0.8500
1.0440
0.8500
0.8500
0.9534
0.8500
1.0500
1.0449
0.8500
0.8500
0.9418
0.8500
1.0332
0.8500
1.0393
0.8632
0.9927
0.8500
0.9548
1.0500
0.8500
0.9710
1.0500
1.0500
0.9966
0.8500
0.8500
0.9119
0.8500
0.8957
0.9460
0.8500
1.0105
1.0500
0.8500
0.8500
0.8889
1.0500
0.8500
0.8500
0.8500
0.8500
1.0500
1.0500
0.9799
0.8500
1.0500
0.9457
0.8500
0.8500
1.0500
0.9720
0.8500
1.0500
1.0500
0.8500
1.0471
0.8500
1.0500
1.0500
0.8500
0.9631
0.8500
0.8771
0.8500
0.8500
1.0500
0.8500
0.9234
0.8500
0.8500
0.9923
1.0177
1.0500
1.0500
0.8530
0.8500
1.0500
0.8500
1.0500
0.9837
1.0500
1.0499
0.8500
0.8500
1.0500
1.0500
0.8500
0.9052
0.9630
0.8500
1.0069
0.8792
0.8500
1.0500
0.8500
0.8500
0.9939
1.0247
1.0500
0.8500
0.8976
0.8500
0.8500
1.0500
0.8770
0.8592
0.8500
0.8601
0.8500
0.8610
0.8510
0.8500
1.0500
1.0000
1.0500
0.8500
0.8500
0.8910
0.8500
0.8823
0.8500
0.8500
0.8500
0.8500
1.0500
0.8521
1.0500
0.8500
0.9266
0.8500
1.0500
0.8601
1.0500
0.9924
0.8500
0.8500
0.9349
0.8500
0.8652
1.0456
0.9175
0.9843
0.9336
0.8500
1.0500
1.0500
0.8500
1.0130
0.8500
0.8500
0.8989
1.0500
1.0500
1.0353
0.8500
1.0500
1.0500
0.8500
0.9893
0.8500
0.9917
0.9896
0.8500
1.0500
0.9447
1.0500
1.0500
0.8500
0.8500
1.0500
1.0500
0.8500
1.0500
0.8500
1.0500
1.0262
0.8500
0.8500
0.8500
0.8500
0.8500
0.9090
1.0500
0.8939
0.9758
1.0500
1.0500
0.8500
0.8500
0.8500
0.9141
0.8500
0.9809
0.8500
1.0390
0.8500
0.8500
1.0500
0.9064
1.0236
0.8500
0.8500
1.0500
1.0500
0.8500
0.8500
0.8949
0.8500
0.8933
0.8855
1.0500
1.0500
1.0274
1.0500
0.9117
0.8500
0.8500
0.8500
0.9486
0.8500
0.9543
0.8500
0.8500
0.8500
1.0500
1.0500
0.8500
0.8666
1.0500
0.8500
0.9243
0.8500
0.8500
1.0500
0.8500
0.8500
0.9334
1.0500
1.0500
0.8500
0.9497
1.0217
1.0452
0.8500
1.0500
0.8500
1.0500
0.8951
0.8500
0.8500
0.8500
0.8500
0.8500
1.0500
0.8500
0.8500
1.0093
0.8759
0.8500
0.8500
0.8560
0.8500
1.0500
0.8500
0.8500
0.8500
0.9909
1.0081
0.8500
1.0391
1.0500
0.8500
0.8500
1.0500
1.0500
0.9055
1.0121
1.0500
1.0124
0.8500
1.0500
0.8500
1.0500
1.0467
1.0500
1.0500
0.8500
0.8844
1.0500
1.0500
0.9396
0.8500
0.9239
0.8500
0.8500
1.0289
0.9146
0.8500
0.9883
0.8500
1.0500
0.8932
1.0500
0.8500
1.0371
1.0500
0.9606
1.0500
0.8500
1.0500
0.9068
1.0500
1.0500
0.8500
0.8500
0.8500
0.9340
0.8500
0.8500
1.0500
0.9396
0.8500
0.8500
1.0500
0.8500
0.8527
0.8500
0.9418
1.0126
1.0500
1.0238
0.8500
1.0500
0.8500
0.9975
1.0500
1.0500
1.0500
0.8500
0.8774
0.8500
1.0500
1.0500
0.9584
1.0500
0.8500
1.0418
0.9212
0.8500
0.9769
1.0500
1.0500
1.0179
1.0500
0.8500
0.8500
0.8681
0.8500
0.8801
0.8500
1.0500
0.8500
0.9280
0.9164
0.9322
0.8500
1.0500
0.8500
0.8500
1.0500
0.8993
0.8783
0.8786
0.9884
0.8881
0.8500
0.8500
0.9679
0.8500
1.0500
0.8500
0.8500
0.8500
0.8500
0.8500
0.8500
0.8500
0.8500
0.8500
1.0500
0.8500
0.8829
1.0500
0.8500
0.8500
0.8500
1.0500
1.0037
1.0381
1.0500
1.0500
0.8779
0.8548
0.8500
0.8500
0.8889
0.8500
1.0398
0.8500
0.8500
0.8500
1.0500
1.0500
0.8500
0.9338
1.0500
0.8500
1.0500
0.8500
0.8603
0.8500
0.8500
1.0500
0.9192
0.8500
0.8500
1.0500
0.8663
1.0500
1.0423
0.8851
0.9072
0.8500
0.9219
0.8864
1.0500
0.8635
1.0500
1.0500
0.9404
0.8500
0.8641
0.8500
0.8500
1.0500
1.0107
0.8993
0.8500
0.8500
0.8500
1.0500
1.0066
0.8500
0.9445
0.9313
1.0500
0.8500
0.8500
1.0500
0.8500
1.0500
0.8500
0.9065
1.0251
1.0500
1.0500
0.8500
1.0500
0.8500
0.8500
1.0021
1.0500
0.8500
0.8500
1.0500
0.8500
1.0500
0.8500
1.0433
1.0500
1.0500
0.9508
0.9111
0.8500
0.8500
1.0500
1.0483
0.8500
0.9776
0.9564
1.0500
0.8500
0.8500
0.8500
0.8500
0.9838
0.8500
1.0500
0.8500
1.0500
0.9934
0.9578
0.8500
0.9736
0.9102
1.0413
0.8500
0.8500
0.9615
0.9313
0.9545
1.0500
0.8500
0.8500
1.0062
0.9908
0.8500
0.9381
0.8500
0.8500
0.8500
0.9095
1.0500
0.8500
1.0500
0.8500
0.8876
1.0500
0.9298
0.8500
0.8500
0.8793
1.0500
0.8500
1.0500
0.9634
0.8500
0.8959
0.8544
0.8500
0.8500
0.8500
0.8500
0.9338
1.0500
1.0500
0.8500
1.0500
1.0500
1.0500
0.8500
0.8500
0.8500
0.9427
0.8500
0.9362
0.8500
1.0500
0.9767
0.8500
0.8897
0.9637
1.0500
0.9214
0.8500
0.8500
0.8930
0.8701
0.8500
0.8500
0.8500
0.8500
1.0500
0.8500
1.0500
1.0500
1.0500
0.9007
1.0463
0.8500
0.8500
0.8500
0.9612
0.8531
0.8500
1.0500
0.8500
1.0500
0.8500
0.8500
0.8500
0.8500
1.0408
1.0435
0.8500
1.0383
0.9171
0.8500
1.0500
1.0500
1.0500
0.8500
1.0269
0.8500
0.9436
0.9807
0.9340
0.8503
1.0500
0.8792
0.8688
0.8500
1.0500
0.8500
0.8500
0.8757
1.0500
0.8500
1.0377
0.8500
0.8500
0.8500
0.8500
0.8755
1.0500
1.0500
0.9988
0.8500
1.0500
1.0015
1.0500
1.0500
1.0500
0.8500
0.8644
1.0500
0.8500
0.8686
1.0418
1.0500
0.9498
0.8500
0.9759
0.8500
0.8500
0.9054
1.0500
0.8500
1.0500
1.0500
1.0500
0.8500
0.8500
0.8500
0.9001
0.8861
0.8500
0.8602
0.8527
0.9598
0.8500
1.0088
1.0500
1.0500
0.8500
1.0500
1.0500
0.8500
1.0500
1.0500
1.0500
1.0500
0.8500
0.9527
0.9876
1.0262
1.0500
0.9349
0.8500
1.0500
0.9847
0.8500
1.0500
1.0237
1.0201
0.8500
1.0500
1.0277
0.8500
0.8500
0.8500
0.8500
0.8500
0.9288
0.8500
0.8500
1.0500
0.9240
1.0500
0.8586
0.8605
0.8500
1.0500
1.0500
0.8500
0.8500
1.0500
0.8500
0.8500
0.9709
0.8500
1.0366
0.8500
1.0500
1.0468
0.9147
0.8500
0.8500
0.8500
0.8500
1.0500
0.9765
1.0500
1.0500
1.0500
1.0005
0.8500
1.0500
0.9472
0.8500
0.8500
1.0500
1.0500
0.8500
0.8500
1.0500
0.8500
1.0350
1.0500
0.8500
0.9055
1.0500
0.8500
0.9315
0.8500
0.8500
0.8500
1.0500
1.0278
0.8897
0.8500
0.8500
0.9541
0.8675
1.0122
1.0500
1.0500
0.8906
1.0391
0.8500
0.8500
0.8500
1.0500
1.0356
0.8972
0.9721
1.0500
0.8500
0.8500
0.8971
1.0500
0.8519
1.0500
0.8500
0.8500
0.8500
1.0500
0.9000
0.8500
0.8500
1.0381
1.0500
1.0052
0.8500
1.0500
1.0500
0.8500
0.8724
0.8696
0.8500
0.8500
0.8500
0.9189
0.8500
0.8500
0.8923
1.0161
0.8500
1.0500
0.8500
0.8969
0.8780
1.0500
0.8500
1.0500
0.8500
0.8772
0.8667
1.0500
1.0500
0.8500
0.8500
0.8500
0.9369
0.8963
0.9315
0.8500
1.0500
0.8605
0.8500
0.9347
1.0224
0.9321
0.9291
0.9508
0.8500
1.0500
0.8500
1.0500
0.8500
1.0500
0.9537
0.9224
0.8500
1.0500
0.9937
0.8798
1.0500
0.9198
1.0500
1.0500
0.8500
1.0500
0.9136
1.0500
0.9183
0.8823
0.9210
0.9893
1.0500
0.9655
0.8761
0.8500
1.0500
0.8500
0.8500
0.8500
0.8500
0.8722
1.0500
0.8500
1.0500
0.8500
1.0500
0.8500
0.9443
0.8513
0.8500
1.0500
1.0500
0.8615
1.0500
0.9143
0.8500
0.8823
0.8500
1.0029
0.8500
0.8834
0.8500
1.0500
0.8500
0.8500
1.0500
0.8500
1.0135
0.8500
0.9690
0.9421
0.8500
0.8500
0.8500
0.8500
0.8500
0.8500
1.0500
0.9875
1.0500
0.8500
0.8500
0.8500
0.8500
0.8500
0.8500
1.0500
0.9242
0.8500
1.0027
0.9060
0.8500
0.8500
1.0500
1.0500
0.9575
1.0500
1.0500
0.8500
0.9412
0.9494
0.8500
0.9998
0.8500
0.9229
0.8500
0.9960
0.8500
0.8500
1.0500
0.8698
0.9152
0.8500
0.9101
0.9849
0.8500
0.8500
0.8628
0.9661
1.0500
0.8500
1.0500
1.0500
0.9570
1.0500
0.9222
0.9241
0.8612
0.8500
0.8529
0.8500
1.0342
0.8500
0.8500
1.0500
0.8500
1.0500
0.8500
1.0500
1.0500
0.8500
0.8500
1.0500
0.9625
0.9630
1.0500
0.8500
0.8500
0.8500
1.0500
0.8500
0.8500
1.0500
0.8500
0.8500
0.8500
1.0186
1.0270
0.8500
0.8500
0.8500
1.0270
1.0500
0.9904
1.0360
0.9328
0.9782
0.8500
0.9658
0.8500
0.8500
0.9249
0.9219
0.8500
0.8500
0.8500
1.0500
0.9355
0.8625
0.8500
0.9605
1.0183
1.0500
0.9998
1.0500
1.0500
0.8500
0.8721
0.8621
0.8500
1.0500
1.0500
0.8500
0.8651
0.9950
0.8500
0.8500
0.8519
0.8500
0.8500
1.0500
1.0500
1.0183
0.9930
0.9971
0.8826
1.0004
0.8706
0.8500
1.0500
1.0500
1.0500
0.8500
0.8500
1.0500
0.8765
1.0500
1.0500
0.8500
0.8500
0.8500
0.8663
0.8500
0.8500
0.9223
1.0500
0.8500
1.0500
1.0500
0.8856
0.8500
0.8500
1.0500
0.8500
1.0274
0.8500
0.8500
1.0500
1.0500
1.0500
1.0500
0.9320
0.8994
1.0180
0.8502
0.8500
0.8500
1.0500
0.9111
0.8500
0.8500
1.0500
1.0500
0.9857
0.8500
0.8500
0.8500
0.8500
0.8515
0.8500
0.8500
1.0500
0.9558
1.0227
1.0500
1.0500
1.0500
1.0500
1.0027
0.8500
0.8500
1.0320
0.8500
1.0500
0.8500
0.9626
0.9637
0.8500
0.8500
0.8500
0.9614
0.9417
1.0500
0.8500
0.8500
0.8500
0.9924
0.8500
0.9854
1.0096
1.0500
0.8500
0.9195
1.0500
0.8500
0.8914
1.0500
0.9680
1.0500
0.9672
1.0500
1.0084
0.8509
0.8500
0.8500
1.0471
0.9054
0.8963
0.9180
0.9614
1.0500
0.8500
1.0500
0.8500
0.8500
0.8668
0.8500
0.8500
0.8696
0.8500
1.0500
0.8500
0.8626
0.8500
1.0500
0.8500
0.9929
1.0500
1.0500
0.9396
1.0500
0.8500
0.8500
0.8500
0.9575
0.8500
1.0500
1.0500
0.8500
1.0500
1.0283
0.8500
0.8500
0.8500
0.9735
1.0500
1.0500
0.8500
0.9252
0.8500
1.0500
0.8500
0.8849
0.8500
0.8500
0.8823
1.0500
0.8618
0.8500
0.8533
0.8500
0.9117
1.0500
0.8500
0.8652
0.9104
0.8500
0.9789
0.8500
0.8500
0.8500
0.8905
1.0500
1.0098
0.8500
0.8500
1.0026
1.0500
1.0500
0.9483
1.0500
0.8500
1.0137
1.0500
0.8907
1.0500
1.0500
1.0398
1.0500
0.8500
0.8500
1.0500
0.9870
0.8500
0.9061
1.0500
0.8500
1.0500
0.8500
1.0182
1.0500
0.8500
0.8500
0.8500
0.8781
0.8500
1.0467
1.0324
0.9667
0.9503
0.8500
0.8500
0.9093
1.0500
0.9293
1.0500
1.0396
0.9122
1.0012
1.0500
0.8500
0.8500
0.8500
0.8500
0.8500
1.0337
0.8500
1.0366
0.8500
0.8500
1.0500
1.0500
0.9502
1.0170
1.0500
1.0137
1.0500
1.0500
1.0500
0.9696
0.9668
1.0361
0.8500
0.8500
1.0500
1.0500
0.9962
0.8500
1.0500
0.9179
0.8500
1.0385
1.0500
1.0500
0.8500
0.8500
0.8500
1.0500
0.9476
1.0500
0.8500
1.0500
0.8500
0.9366
0.8500
0.8500
0.8500
0.8500
1.0500
0.8500
1.0500
0.8500
1.0500
0.8961
1.0500
1.0500
0.8500
0.9950
0.8500
0.8500
0.8500
0.8773
1.0500
1.0500
0.9513
0.9927
0.9693
0.8500
0.8500
0.8500
0.8500
1.0500
1.0500
1.0500
0.8500
0.9037
1.0500
0.8500
0.9297
0.8500
0.8500
0.8500
1.0423
0.8500
1.0383
0.9410
1.0500
0.8500
0.8500
0.8500
0.8668
1.0500
0.9414
1.0472
0.8889
0.9531
0.8500
1.0500
1.0079
0.8500
0.8500
1.0192
0.8756
0.8500
1.0500
0.8500
0.8500
1.0500
1.0355
0.8500
1.0500
1.0500
0.8500
0.8500
0.8500
1.0500
1.0500
0.8500
1.0500
1.0500
0.9659
0.8500
1.0500
0.8500
1.0500
1.0500
1.0500
0.8500
0.8500
1.0500
0.8816
0.8500
0.8500
0.8988
0.8500
1.0500
1.0500
0.9334
0.8500
0.8500
0.8500
0.8500
0.9333
1.0500
0.8575
0.8500
0.9399
1.0500
0.8500
0.8500
1.0500
0.8500
1.0196
0.8785
0.8500
1.0500
1.0500
1.0289
0.9984
1.0063
0.8500
0.8500
0.8500
0.9654
1.0500
0.8500
0.9531
0.8500
0.8500
0.8500
0.8500
1.0500
0.8989
1.0500
0.9676
0.8500
0.8500
0.8500
1.0500
0.9307
0.8500
0.8500
0.8500
0.8500
0.9303
0.8500
1.0500
1.0500
0.8500
0.8500
0.8750
0.8500
1.0500
1.0500
1.0500
0.8500
1.0500
1.0500
0.8500
0.8500
1.0500
0.9325
0.9951
0.8803
0.8500
1.0500
0.8500
1.0500
0.8500
0.8580
0.8500
1.0178
0.9914
1.0500
0.8588
0.8593
0.8500
0.9232
0.8500
1.0500
1.0500
0.8500
0.8500
0.8500
1.0479
0.8500
1.0234
1.0500
1.0500
0.8500
0.8500
0.8500
1.0096
0.8500
0.9095
0.9516
0.8500
1.0500
0.8500
0.8500
0.8500
0.9110
0.8500
1.0500
0.8500
0.9417
0.8500
1.0500
0.9009
0.8500
0.9445
0.9984
0.8500
0.8500
0.8500
0.9575
0.8500
0.8500
0.8500
1.0500
1.0415
1.0462
0.8875
1.0500
0.8846
0.8500
0.8500
0.8500
1.0500
0.8500
0.8500
1.0500
0.8500
0.8500
0.8626
0.8500
0.9655
0.8500
1.0500
0.8500
0.8812
0.9125
0.9551
0.8864
0.8987
0.8843
1.0500
0.8720
1.0500
0.8500
0.8995
0.8709
1.0500
0.8500
0.8500
0.8651
0.8953
0.8500
0.8500
1.0500
0.8500
0.8500
1.0275
1.0209
1.0500
1.0412
0.8500
0.9123
1.0500
1.0500
0.8500
1.0498
1.0500
0.8612
0.9025
0.8500
0.8500
0.9026
1.0500
0.8500
1.0500
1.0500
0.8500
1.0500
0.8711
0.9208
1.0500
1.0500
0.8500
0.8500
1.0500
0.8500
0.8500
1.0500
0.8864
1.0500
0.8500
0.8500
0.8500
1.0500
0.9432
0.8500
1.0500
0.9264
0.8500
1.0500
1.0500
0.8500
1.0463
1.0500
1.0034
0.9290
0.8500
0.8500
0.8882
0.8500
0.8500
1.0500
0.8500
0.8500
0.8500
0.8500
0.8638
0.8500
0.8500
0.8500
1.0500
0.8567
1.0224
0.9619
0.8500
0.8905
1.0500
0.8500
1.0500
0.9221
0.8500
1.0282
1.0500
0.8864
0.9687
1.0500
0.8500
1.0500
1.0500
0.8500
0.9276
0.9150
1.0500
1.0500
1.0500
0.8500
1.0500
1.0270
0.8500
1.0500
0.8500
1.0500
0.8500
0.8540
0.9992
0.8531
0.8500
0.9684
0.8500
1.0217
0.8500
0.9312
0.9814
1.0500
0.8500
0.9707
0.8500
1.0070
0.8749
1.0500
1.0500
0.8500
0.8970
1.0500
0.8500
0.9902
1.0500
0.8500
0.8500
0.9393
1.0500
0.8500
1.0098
0.8500
0.8616
1.0500
0.9314
0.8500
0.8973
0.8500
0.8500
1.0500
0.8500
0.8500
0.9560
1.0429
0.8701
0.8500
0.9243
1.0500
1.0266
0.8500
0.8500
0.9209
1.0212
0.8500
1.0500
1.0203
0.9744
1.0500
0.9549
0.8500
0.8500
0.8500
0.8500
0.9255
1.0500
0.8500
0.8500
0.8826
1.0287
1.0232
1.0342
1.0500
0.8500
1.0500
0.9748
0.9353
1.0500
0.8500
0.8500
1.0500
0.8900
1.0500
0.9891
0.8500
0.9628
1.0397
0.8838
1.0394
1.0500
1.0500
1.0500
0.8500
0.9278
0.8500
0.8500
0.8500
0.8881
0.9496
1.0500
0.9553
1.0500
0.8970
1.0500
0.8500
0.9081
0.8500
1.0500
0.8500
0.8500
0.9493
0.9973
1.0174
0.8500
0.8500
0.8500
0.8500
0.8500
0.8500
0.8500
1.0030
0.8500
0.8693
0.8500
1.0500
0.8500
0.8500
0.8500
0.8500
0.8500
1.0035
1.0500
0.8500
0.8500
0.8500
0.8500
1.0500
0.8500
1.0500
1.0500
0.8731
0.8500
0.8500
1.0475
1.0500
0.8500
1.0040
0.8500
0.8500
1.0500
0.9383
0.9030
0.9287
0.9277
0.8500
0.8620
1.0500
1.0500
0.8500
0.9434
1.0500
0.9744
1.0500
0.9749
0.9546
0.8500
0.8500
1.0500
0.8500
0.8500
1.0261
0.8500
1.0500
0.9539
0.8500
0.9576
0.8500
0.9983
0.8500
0.8917
1.0500
0.9070
0.8500
1.0500
0.8898
1.0500
0.8500
0.8500
0.8500
0.8500
0.9365
0.8500
0.8500
0.9305
0.8500
0.8819
0.8500
1.0500
0.8500
0.8500
0.8500
0.9346
0.8500
0.8500
0.8500
0.8500
0.9759
1.0500
0.9888
1.0500
0.8822
1.0442
0.9905
0.8952
0.8500
0.8629
1.0500
0.8500
1.0500
1.0500
1.0500
1.0500
0.8500
1.0500
0.9554
1.0500
1.0500
0.8500
0.8500
0.8500
0.9379
0.8500
0.8500
0.8500
0.9730
0.8500
1.0500
0.8500
1.0500
0.8500
0.8551
0.9229
0.8500
0.8500
0.9552
0.8500
0.8500
0.8500
0.9409
0.8500
1.0500
0.8500
0.9087
0.8667
0.8500
0.8500
1.0386
0.8500
1.0167
0.8770
0.8500
0.8500
0.8500
0.8500
1.0380
0.9309
1.0146
0.8500
0.8500
1.0331
0.9523
1.0500
0.9950
0.9754
0.9311
1.0500
0.8500
0.8500
0.9029
0.8916
0.8500
1.0500
0.9866
0.8500
1.0500
0.8500
1.0317
0.8500
0.8500
0.8500
1.0500
0.9240
0.9421
0.8500
0.9509
0.8500
0.8500
0.9993
0.8500
1.0500
1.0500
0.9414
0.9162
0.8595
0.9724
1.0051
0.8500
0.8500
0.9574
0.9395
0.8500
0.8878
0.8500
1.0348
0.9351
0.9413
1.0500
1.0500
0.9088
1.0316
1.0500
0.8791
1.0500
1.0500
0.9028
1.0500
0.8500
0.8500
0.8500
1.0500
0.9623
0.8500
1.0500
0.8500
1.0500
0.8500
1.0500
0.8500
1.0205
0.8500
0.8500
0.8500
0.8500
1.0500
0.9088
0.8500
1.0500
0.9950
1.0500
1.0000
1.0500
0.9404
0.8500
1.0500
0.8500
0.9645
0.8500
1.0500
0.9104
0.8500
0.9311
0.8500
1.0500
0.8500
1.0500
0.8500
0.9983
0.8813
1.0500
0.8500
0.8500
0.8500
0.8500
0.8713
1.0500
0.8500
0.8972
1.0016
1.0229
0.8500
0.8500
0.8500
1.0500
0.8500
0.8500
0.9455
0.9016
0.8500
0.8965
0.8632
0.9833
0.9988
0.8500
1.0500
0.8508
0.8500
1.0500
0.8938
0.8500
0.8500
1.0182
0.9409
1.0500
0.8500
1.0500
0.8812
1.0240
1.0500
1.0500
0.8500
1.0500
0.9592
1.0500
0.8500
0.8500
0.9574
0.8500
0.8500
1.0500
1.0500
0.8576
1.0500
0.9381
1.0500
1.0190
0.8500
1.0500
0.8500
0.8500
1.0500
0.8500
1.0500
1.0215
0.8500
0.8500
1.0500
1.0500
1.0500
0.8598
1.0500
1.0500
0.8500
0.8500
0.9208
0.8916
0.8500
0.8500
0.9628
0.9657
0.9574
0.8500
0.8500
0.9275
0.9478
0.8500
0.9789
0.9573
0.8500
0.8723
1.0500
0.9655
0.8500
1.0500
1.0500
0.8500
0.8500
0.8500
1.0310
1.0500
1.0317
1.0500
0.8500
0.8500
0.8500
1.0500
1.0500
1.0500
0.8500
0.9748
0.9864
1.0500
0.8500
1.0500
0.8500
0.8500
1.0410
0.9964
0.8500
1.0168
0.9905
1.0500
0.9557
1.0500
0.8500
0.8500
0.8500
0.8886
1.0500
0.8500
0.8500
0.8899
0.8500
1.0500
1.0500
1.0500
0.8500
0.8764
1.0171
0.9320
0.8500
1.0500
0.8500
1.0500
1.0500
0.9803
1.0500
0.8937
0.8500
1.0500
0.8500
1.0500
0.8500
0.9142
0.9014
0.9917
0.8500
0.8500
1.0500
0.8500
0.8500
0.8500
0.8762
0.9151
0.8536
0.9651
1.0500
1.0500
0.8620
0.9511
0.8500
1.0500
0.9406
0.8500
0.8500
0.8500
1.0500
0.8500
0.8500
0.8500
0.8500
0.8500
1.0190
0.8500
1.0500
0.8500
0.9142
0.8500
0.8500
0.9320
0.8500
0.9016
0.9975
0.8500
1.0500
0.8500
1.0500
0.8827
0.9203
0.9389
0.8500
0.8903
0.9054
0.9374
0.8500
0.8927
0.8500
0.8500
0.8500
0.9096
0.9838
0.9027
1.0500
0.8500
1.0500
1.0099
0.9002
0.8500
1.0014
0.8500
0.9517
0.8500
0.8500
0.8762
1.0500
0.8500
0.8500
0.9632
1.0500
0.8500
0.8500
0.9721
0.8500
0.9327
0.8654
0.8500
0.8535
0.8500
0.8500
0.8500
0.9595
0.9156
0.8500
1.0173
1.0058
1.0500
1.0500
0.8959
0.8500
0.9571
0.8500
1.0474
0.8500
1.0500
0.8500
0.8885
0.9461
0.8500
1.0500
1.0500
1.0500
0.8500
0.8500
0.8500
0.8635
0.8500
0.8500
1.0153
0.8500
0.9678
1.0500
0.8500
0.8848
0.9128
0.9010
0.8854
0.9523
0.8500
0.8977
0.8500
0.8500
0.8500
0.8500
0.8500
0.9443
0.8500
0.9463
1.0500
1.0500
1.0500
1.0500
0.8975
1.0500
0.8500
0.8500
0.8500
0.9788
0.8500
0.9880
0.9641
1.0500
0.8500
0.9256
0.8693
1.0500
0.8500
0.8500
0.8500
0.9083
1.0500
0.8680
1.0500
0.8839
0.8500
1.0500
0.8500
0.8500
0.9376
0.8500
0.9692
1.0500
0.8635
0.8500
0.8500
0.8500
0.8740
0.8500
0.8529
1.0500
0.8500
0.9514
0.9303
1.0500
0.8500
0.8911
0.8500
0.9563
1.0500
0.8500
0.8500
1.0500
0.8994
0.9128
0.8500
1.0500
0.8500
0.8500
0.8500
1.0500
1.0500
0.8587
0.9015
1.0133
0.9438
1.0500
1.0500
0.8500
0.8500
0.8884
0.8500
0.8500
0.8500
0.8500
0.9538
0.9979
0.9676
0.9619
0.8500
0.8500
1.0500
0.8500
1.0500
0.9653
0.9257
0.9870
0.8500
1.0500
0.8702
0.8500
0.9993
1.0500
0.8500
0.8500
1.0500
0.8500
1.0500
1.0500
0.9035
0.8612
1.0500
0.8500
1.0500
1.0500
1.0500
1.0500
0.8500
1.0500
0.8845
0.8500
0.8687
0.8500
0.8600
0.8725
1.0203
1.0500
0.8500
0.8500
0.8500
1.0500
0.8500
0.8500
0.8901
0.8989
1.0500
0.8500
0.8559
0.8500
1.0500
1.0188
0.9787
1.0500
0.8673
1.0500
0.8500
0.9450
1.0500
1.0114
0.8500
0.8500
0.8500
0.9992
1.0500
0.9284
0.8500
0.9541
0.8500
1.0500
0.8500
0.8500
0.8500
0.9865
0.8500
1.0492
0.8500
0.9183
0.8709
1.0500
0.8621
1.0500
1.0500
0.9952
1.0500
0.9218
1.0500
0.8500
0.8500
0.8500
0.8946
0.9639
0.8500
0.8500
0.8500
1.0500
0.9241
0.8500
0.8980
0.8644
0.8500
1.0500
0.8500
0.9092
0.8500
0.9104
1.0500
1.0354
0.8500
1.0500
1.0500
0.8500
0.8500
0.8500
1.0500
0.8591
0.8500
0.8924
0.8500
0.8651
0.8500
0.8500
0.8500
1.0500
1.0500
1.0500
0.9812
0.8500
1.0500
1.0500
0.8500
0.8500
0.9416
0.9100
0.8500
1.0500
0.8500
0.9559
0.8500
0.8500
1.0500
0.9095
0.8500
0.8500
0.8500
0.8500
1.0500
1.0500
0.8500
1.0500
0.8500
1.0500
0.8500
1.0246
1.0500
0.8500
0.9328
1.0500
1.0500
1.0500
0.8500
1.0500
1.0500
0.9113
0.8500
0.9500
1.0500
1.0500
1.0092
0.8500
0.8500
0.8555
0.8500
0.8500
1.0500
1.0500
1.0500
1.0217
0.8500
0.9982
0.8500
1.0500
0.8500
1.0500
0.8500
1.0500
0.8500
0.8741
1.0500
0.8500
0.9489
0.8500
1.0500
1.0117
0.9502
1.0500
0.9321
0.8500
0.8500
0.8500
1.0483
0.8548
0.8500
0.8500
0.8500
0.9943
1.0500
0.9084
0.8500
0.9088
0.8500
0.8500
1.0500
1.0500
1.0500
0.8500
1.0500
0.8500
0.8500
0.9664
1.0099
0.9434
0.8827
1.0500
0.8500
0.8500
0.9476
0.8782
0.9114
1.0500
1.0500
1.0438
0.8500
0.9570
0.8500
0.8500
1.0500
0.8500
0.8500
0.9501
0.8500
0.9475
0.9701
1.0270
1.0500
0.8500
0.8540
0.8500
0.8500
0.8500
0.8500
0.8500
0.8500
1.0500
0.8500
0.8500
0.8500
0.9702
0.8500
1.0500
0.8500
1.0500
0.9954
0.8500
0.9194
0.9894
0.8500
0.8853
0.8500
1.0500
1.0500
0.8968
0.8500
0.8868
0.8601
0.8500
0.8500
0.8500
0.8500
0.8764
1.0473
1.0404
0.9453
0.8500
0.9447
1.0469
1.0500
1.0500
0.8500
0.8500
0.8500
1.0500
1.0500
0.8500
1.0500
0.8500
0.8500
1.0500
0.8500
0.8500
1.0500
0.8708
0.9475
1.0500
0.8500
0.9454
0.8500
0.8500
1.0500
1.0205
0.9636
0.9185
1.0500
0.8500
0.8500
0.8500
0.9542
1.0500
0.8500
1.0500
0.9826
1.0500
1.0500
0.9884
0.8500
0.8500
0.8927
0.8500
1.0261
0.8500
0.9766
0.8781
0.8500
0.8785
0.8500
1.0500
0.9065
1.0500
1.0500
0.9477
0.8500
0.8500
0.8500
1.0500
0.8500
0.8500
1.0500
1.0500
0.8775
1.0500
0.9615
0.8500
1.0500
0.8500
0.8500
1.0500
1.0500
0.8500
0.8986
0.8500
1.0500
0.9627
0.8500
1.0239
0.8500
0.8500
0.9607
1.0500
0.8500
0.9766
0.8500
1.0500
1.0500
1.0500
1.0500
0.8500
0.8500
0.8500
0.8500
1.0500
1.0500
0.9618
0.8742
1.0500
0.9920
0.8500
0.8673
0.9610
0.8500
0.8500
1.0500
0.8500
1.0500
1.0477
0.8712
1.0500
1.0500
0.8500
1.0500
0.8500
0.8500
0.8500
1.0500
0.9977
0.8500
1.0500
0.8500
0.8500
0.8500
0.8500
0.8500
0.8634
1.0500
0.8500
0.8500
0.8500
0.8500
1.0246
1.0500
1.0500
0.8500
1.0134
0.8580
0.8500
0.9005
0.8500
0.8500
0.8800
0.8500
0.8500
1.0069
0.8500
0.8500
0.8974
0.8500
1.0500
1.0017
1.0500
0.8500
0.8500
0.8645
0.9847
1.0500
0.8500
0.8500
1.0500
0.9485
0.8500
0.8500
0.8500
0.8500
0.8500
1.0365
1.0500
0.9634
0.9008
0.8500
0.8500
0.8638
0.8500
1.0500
1.0500
0.8500
0.8500
0.8500
0.8500
1.0500
1.0500
1.0500
1.0500
1.0498
1.0500
0.9398
0.9890
0.8503
1.0500
0.8500
1.0500
1.0500
1.0500
0.8500
0.9420
0.8573
0.8500
1.0500
0.9989
1.0500
0.8500
0.8500
0.8500
0.8500
0.8500
0.8500
0.8623
0.8500
0.9648
0.8500
0.8500
0.8792
0.9827
0.8500
0.9338
1.0500
1.0500
0.8500
0.8500
0.9301
0.8685
0.8500
1.0500
0.9165
1.0338
0.9335
1.0500
0.8500
1.0500
0.8500
1.0500
0.8500
0.9410
1.0500
0.9892
1.0500
1.0500
0.8948
0.8500
0.9333
0.9980
0.9858
1.0500
0.8500
1.0500
0.8500
1.0500
0.9508
0.8500
0.8500
0.8500
0.8500
0.8500
1.0500
0.8500
1.0500
1.0500
1.0500
0.9516
0.8500
0.8500
0.9023
1.0500
1.0500
0.8500
0.8500
0.8872
0.9916
1.0500
0.8638
0.8748
0.8500
1.0500
0.8772
1.0500
0.8568
1.0147
0.9453
1.0500
0.8500
0.9434
0.8500
0.8500
1.0500
0.9988
0.8500
0.8700
0.8500
0.9261
0.8500
1.0500
0.9380
0.8500
0.8500
1.0500
1.0500
0.9709
1.0500
1.0500
0.8500
1.0500
0.8533
0.9093
0.8500
0.8500
0.9073
0.8500
0.8500
1.0500
1.0500
0.8500
1.0500
0.8500
0.8500
1.0500
1.0500
1.0481
1.0500
1.0217
0.8500
0.8500
0.9751
1.0092
1.0500
0.8755
1.0500
0.8500
1.0500
1.0500
0.9731
0.9686
0.8500
0.8500
0.8500
0.9909
1.0500
1.0500
0.8500
0.8500
1.0500
0.9062
0.8500
0.8500
0.8500
1.0500
0.8898
0.8966
0.8500
0.8500
0.8500
0.9708
1.0500
0.8500
0.9805
1.0500
1.0500
0.8500
0.8500
0.9335
1.0500
1.0500
0.8750
0.8500
0.8854
0.8500
1.0500
0.8500
0.8500
0.9160
0.8789
0.8500
1.0500
0.8500
0.8500
0.8500
0.9480
0.8830
0.8500
0.8500
0.9014
1.0500
0.9981
0.8500
0.9996
0.8500
0.8500
0.9686
0.9533
1.0500
1.0500
0.8939
1.0500
0.8500
0.8500
0.8500
0.8500
1.0357
1.0500
0.8500
0.9980
1.0397
1.0500
0.9851
0.8500
0.8764
0.8500
0.8500
1.0500
1.0492
0.9058
0.8500
0.8500
0.8917
1.0500
1.0396
0.8989
1.0500
0.8500
1.0500
1.0294
0.8500
0.8500
0.8500
1.0500
0.8910
0.8999
1.0500
1.0500
0.8500
1.0340
0.8500
0.8769
0.8500
1.0500
1.0500
0.8500
1.0112
1.0500
0.8593
0.8500
1.0500
0.8500
0.8500
0.9183
0.8500
1.0431
0.8500
0.8500
0.8500
1.0500
1.0497
1.0500
0.8500
0.9823
1.0500
0.9146
1.0500
0.8500
1.0500
0.9533
0.8500
0.8500
0.8958
1.0205
0.9570
0.8795
1.0500
1.0500
0.8500
0.8595
0.8500
0.9324
0.8869
1.0500
0.8500
0.9663
1.0500
0.8500
0.8679
0.8500
0.9417
1.0500
0.9710
1.0500
1.0268
1.0500
0.9298
0.8500
0.9804
0.9358
0.9463
1.0500
0.8500
0.9266
0.8500
1.0500
0.8500
0.9757
0.8500
0.8954
0.9805
1.0500
0.9982
1.0492
0.8569
0.8899
0.8500
0.9601
1.0211
1.0253
1.0036
1.0500
0.8500
1.0500
0.9556
0.8500
0.9739
0.8871
0.8932
1.0500
0.8500
0.8500
0.9463
0.8500
0.9295
1.0500
0.8500
1.0500
1.0084
0.9544
0.8500
0.8500
0.8500
0.8500
0.9181
1.0500
1.0185
0.8500
0.8500
1.0500
0.9926
1.0500
0.8500
0.9575
0.8500
0.8660
0.8500
0.8687
0.8566
0.8500
0.8500
0.9963
0.9299
0.8500
0.8500
1.0035
1.0500
1.0500
0.8549
0.9209
0.8500
0.9933
0.9969
0.8553
0.8500
0.9118
1.0320
0.9938
1.0500
0.8532
0.9314
1.0500
0.8647
1.0500
1.0253
1.0392
0.8500
1.0500
0.8500
0.8644
1.0500
0.8500
1.0500
0.8500
0.8500
1.0500
0.8500
0.8500
1.0500
0.8500
0.8500
0.9330
0.8500
0.8500
1.0500
1.0500
1.0500
0.8500
0.8923
0.9095
0.9133
0.9252
0.9385
0.9520
1.0500
1.0500
1.0500
0.8500
1.0295
0.8500
0.8500
1.0500
0.8645
0.8500
0.8641
1.0316
1.0500
0.8500
0.9641
0.8500
0.8500
0.8500
1.0500
0.8500
0.8500
0.9499
1.0500
1.0500
0.8511
0.8500
1.0500
0.8500
1.0500
0.9786
1.0196
1.0307
0.8500
0.9457
0.8500
1.0500
0.8500
1.0500
0.9647
0.8500
0.8500
0.8500
0.8500
0.9934
0.8500
0.8500
0.8500
1.0500
0.8500
0.8654
0.8500
0.8791
0.8500
1.0500
1.0500
1.0314
0.8500
1.0448
0.8500
0.8500
0.9308
1.0500
0.9235
1.0339
0.9149
1.0383
0.8770
1.0500
0.8500
0.8500
0.8500
0.8500
0.8500
1.0105
0.8500
0.8919
0.8500
0.8500
0.9224
0.8500
0.8500
0.8500
0.8500
0.8830
1.0500
0.8500
1.0500
0.8716
0.9970
0.9379
1.0280
1.0500
1.0500
0.8500
0.8500
0.9961
0.8500
0.9875
0.8833
0.8500
0.9770
1.0500
0.8500
1.0500
0.9531
0.8713
0.9877
0.8500
1.0500
0.9592
0.8500
0.9754
0.9905
0.8500
0.9210
0.8500
1.0500
0.8769
0.8500
0.8500
0.8500
0.8782
0.9615
0.8500
0.8500
1.0500
0.9733
0.9336
1.0500
0.8500
0.8500
0.8500
1.0500
1.0500
0.9010
0.8500
0.8601
1.0500
1.0500
0.8500
0.9519
0.8654
0.8500
0.8500
0.8500
1.0500
0.8840
0.9311
0.8784
0.9901
1.0405
1.0270
1.0500
1.0026
1.0500
1.0500
0.9042
0.8500
0.8500
0.8500
0.9407
0.8500
0.8976
1.0500
1.0387
0.8545
0.8866
0.8500
0.9827
0.9543
0.8500
0.9457
0.9528
0.8533
0.8500
0.8500
0.8500
0.8500
1.0500
1.0500
0.8505
1.0138
0.8500
0.8500
0.8862
0.8500
1.0500
1.0367
0.9278
0.8500
0.8500
0.8500
0.8500
0.8500
0.8500
0.8600
0.8500
1.0080
0.8500
0.8500
0.8500
0.8980
0.8745
0.8500
1.0248
0.8500
1.0500
0.8500
0.8500
0.8500
0.8500
1.0500
1.0500
0.8500
0.9043
1.0398
0.8500
1.0500
0.8500
0.8500
0.9285
0.8688
0.8500
0.9950
0.8640
1.0500
0.8500
0.8683
0.8500
1.0212
0.8865
0.9026
0.8500
0.8500
0.9743
0.8501
0.9416
0.9169
1.0076
0.9180
0.8579
0.8500
0.8802
1.0500
1.0283
0.8500
0.9226
1.0500
0.9042
0.9572
0.8500
1.0500
1.0500
0.8500
0.8500
0.8500
1.0500
0.8500
0.8500
0.8500
0.8500
0.8500
0.8500
0.8595
1.0500
0.8500
1.0035
1.0278
0.8500
0.8500
0.8581
0.9440
0.9810
0.8500
1.0500
1.0500
0.8500
0.9938
0.9816
0.8500
1.0500
1.0498
1.0500
0.9418
1.0500
0.9159
0.8518
0.9066
0.8801
0.9278
0.9144
0.8500
0.8500
0.9379
0.8500
0.8500
0.8500
0.9287
1.0002
0.8500
0.9370
0.8500
0.8629
0.8500
0.8500
0.8500
0.9493
0.8500
0.8925
1.0500
0.8500
1.0500
0.8500
0.8500
0.8807
0.9747
0.9672
1.0500
0.8500
1.0500
0.8500
0.8500
0.9515
0.9333
1.0500
0.8500
1.0500
0.9944
0.8500
0.8500
0.8500
1.0500
0.8500
0.8500
0.8500
0.8500
0.8739
0.8500
1.0500
0.8500
0.9956
0.8500
0.8500
0.9433
0.8708
1.0500
0.8500
1.0019
1.0500
1.0500
1.0500
0.8500
0.8500
1.0500
0.8500
0.8500
1.0500
0.8500
1.0500
0.8500
1.0500
0.8500
1.0500
1.0500
1.0500
1.0086
0.8500
0.8500
1.0500
0.9739
0.8500
1.0500
0.8500
0.8500
0.8500
0.8500
0.9237
1.0366
1.0002
1.0500
0.8887
0.8500
1.0302
1.0500
0.8500
0.8500
1.0410
0.9709
0.9021
1.0500
1.0500
0.8500
1.0500
0.8629
1.0500
0.8500
0.8500
0.8819
0.8500
0.9992
0.8500
1.0191
1.0026
1.0357
0.8500
0.8500
0.8500
1.0500
0.9044
0.8500
0.8993
0.8500
1.0500
0.8500
0.8500
0.8500
1.0500
0.8500
0.8955
1.0500
1.0500
0.9643
0.9792
1.0115
0.8500
0.8693
1.0171
0.8500
1.0075
1.0500
0.8662
0.8500
0.9087
0.8732
1.0500
0.8500
0.8500
0.9108
0.9391
0.9466
0.8500
1.0500
1.0500
0.9956
0.8500
0.8671
0.8500
0.8500
0.9429
1.0500
0.8500
0.8500
1.0500
1.0343
1.0500
1.0500
0.8735
0.8500
0.8500
0.8500
0.8500
0.8761
1.0500
0.8500
0.8500
0.8922
0.9593
0.8500
0.8500
1.0500
0.9902
0.9368
0.8500
1.0500
0.8500
0.9614
1.0500
1.0500
0.8500
0.8500
0.8500
0.9188
0.8500
1.0369
0.8636
0.9599
0.8500
0.8500
0.8500
1.0500
1.0366
0.8500
0.8500
1.0500
1.0500
0.8500
0.8500
0.8500
1.0018
0.8500
1.0500
1.0429
0.8500
0.8881
0.8758
0.8500
0.8500
1.0500
0.8500
0.8500
0.8500
0.8886
0.8908
0.8500
0.8500
0.9397
0.8555
1.0500
0.9928
0.8500
0.8500
1.0500
0.9137
0.8604
0.8500
0.8500
0.9039
1.0500
1.0500
0.8500
1.0500
0.8500
1.0500
0.8500
1.0500
0.9325
0.9547
0.9844
1.0500
1.0414
0.9803
1.0006
0.8500
1.0500
1.0090
0.8500
0.8500
0.8500
1.0500
0.8500
0.9878
0.8500
0.8500
0.8642
0.8500
1.0378
1.0500
0.9705
1.0500
0.9740
0.8500
1.0236
0.8500
0.8500
0.9632
0.9421
0.8500
0.8943
0.8500
1.0500
0.9227
0.8500
0.8892
1.0500
1.0500
0.8500
0.9869
0.8513
1.0500
0.8731
0.8500
0.8500
0.8500
0.8500
0.8500
1.0097
0.8500
0.8500
0.8500
0.9418
1.0500
1.0500
0.8500
0.8500
0.8500
0.8500
1.0255
0.8503
0.9229
0.8500
0.8500
1.0500
0.9932
1.0500
0.8500
0.8500
1.0500
0.8500
0.8500
0.8500
1.0500
0.8500
0.9550
1.0500
0.8500
0.9720
0.9319
1.0500
1.0500
0.8500
0.9935
0.8500
1.0500
0.8500
0.8500
0.8500
0.8974
0.8500
1.0478
0.8741
0.9672
0.8500
1.0500
0.9918
1.0500
0.8500
0.8500
0.8500
1.0500
0.8500
0.8942
0.8500
1.0500
0.9207
0.8500
1.0500
1.0500
1.0143
1.0500
0.8500
0.9348
1.0500
1.0500
0.8772
0.8940
0.8500
0.8500
0.9963
0.8500
1.0190
1.0075
1.0424
1.0500
1.0500
0.8805
0.9298
0.9119
0.8500
0.8500
1.0500
1.0500
0.8500
1.0500
1.0500
1.0500
0.8500
1.0431
0.8500
0.8500
0.8500
0.8500
0.8886
0.8500
1.0500
0.8500
0.9284
0.9453
0.9491
0.8683
1.0054
0.8500
0.9525
0.9595
0.9273
0.8924
0.8500
0.9536
0.9995
0.9326
0.9399
0.8500
0.9185
0.9497
0.8500
1.0500
0.8500
1.0367
0.8500
0.9250
1.0500
1.0022
0.9225
1.0500
0.8500
0.8500
0.8500
0.9267
1.0500
0.8500
0.8883
0.9318
0.8500
0.8968
0.9385
1.0500
0.9811
0.8510
1.0500
1.0500
0.9161
0.8500
0.8500
0.8514
1.0500
0.9715
0.8912
1.0500
0.8500
0.8500
1.0500
1.0500
0.8500
0.8500
1.0254
1.0500
0.8500
1.0500
0.8500
0.9279
0.8500
0.8500
0.9091
1.0111
1.0500
0.8500
0.9623
1.0500
1.0500
0.8697
1.0500
1.0500
1.0500
1.0500
0.9144
0.9748
0.8500
0.8500
0.9165
1.0500
0.8989
0.8500
1.0500
0.8500
1.0500
0.8500
0.9480
1.0351
0.8500
0.9953
0.9801
1.0500
0.8500
0.8500
0.8500
1.0500
1.0500
0.9385
0.8603
1.0500
1.0500
0.8500
1.0414
0.8500
0.9689
0.8500
0.9882
1.0500
0.8708
1.0500
0.8500
0.9745
1.0500
0.8713
0.8500
0.9257
0.8939
0.8500
1.0500
1.0500
0.8500
0.8500
0.8500
0.8989
0.9944
0.9076
1.0500
0.8605
0.9502
1.0500
0.9259
0.8500
0.9708
1.0500
0.8500
1.0246
1.0500
0.8500
0.8500
0.8500
1.0500
0.8930
0.8936
1.0500
1.0500
0.8681
0.9572
1.0500
0.9365
0.8500
0.8500
0.8500
1.0477
0.9297
1.0328
0.9252
0.8500
1.0500
1.0500
0.8500
0.8500
0.8500
0.8500
0.9909
1.0375
0.8500
0.8500
1.0031
0.8500
0.8500
0.8755
0.8500
1.0500
0.8500
0.8500
0.8500
0.8500
1.0500
0.9878
1.0500
0.8500
1.0500
0.9220
0.8500
0.8500
1.0500
1.0039
1.0500
0.8831
0.9500
0.9049
0.8500
1.0500
0.9578
0.9030
0.8500
1.0366
0.8500
0.8500
0.9801
1.0500
1.0500
0.8500
0.8500
1.0260
0.8500
0.8766
0.8500
0.8521
1.0215
0.8500
0.8500
0.9594
0.8675
0.9872
0.8680
0.8968
0.8500
1.0500
1.0500
0.9227
1.0500
0.9001
0.8500
1.0500
0.8836
1.0500
1.0500
0.9760
1.0417
0.8500
0.9818
0.9722
0.8700
0.9676
0.8500
0.9405
0.8500
0.8500
0.8500
0.8500
0.8648
1.0500
0.8500
0.8500
1.0500
0.8500
0.9402
1.0500
0.9135
0.8500
1.0500
0.8500
0.8869
0.8745
0.9191
0.8500
0.8500
0.8500
0.9290
0.9207
0.8500
0.8500
0.8500
0.8842
0.8500
0.8500
0.8500
1.0500
1.0500
1.0500
1.0500
0.8614
0.8720
0.8500
0.8500
0.9889
1.0500
1.0500
0.8500
0.9427
0.8500
0.9321
0.8500
0.9301
0.8500
0.8500
1.0500
0.8500
0.8500
0.8558
0.8500
0.8500
0.8500
0.8500
0.9103
0.8500
1.0026
0.8500
1.0192
0.9617
1.0500
0.8576
0.8500
1.0500
1.0500
0.8500
0.8500
1.0500
0.8500
1.0500
1.0500
0.9318
1.0500
1.0500
1.0500
0.8500
0.8731
0.8500
0.8500
0.8500
0.8500
1.0500
0.9823
0.8500
0.8758
1.0500
0.8500
0.8500
1.0500
0.8500
1.0500
1.0500
0.8500
0.8500
0.8500
0.9452
0.8500
0.8500
0.8500
1.0500
0.9733
0.8996
0.8920
0.8500
1.0500
0.8500
1.0500
0.8500
0.8500
0.8547
0.8500
0.9158
1.0500
0.9582
1.0500
1.0500
0.8500
0.8500
0.8500
0.8500
0.8500
0.9216
0.9654
1.0500
0.9253
0.8934
0.9622
1.0500
0.8500
0.8500
0.8565
0.8500
1.0351
0.8500
0.8500
1.0500
1.0500
0.9523
1.0500
1.0500
1.0324
0.8500
0.8500
0.8500
0.8500
0.8500
0.8500
0.8628
1.0500
0.8500
0.8500
0.8500
0.9318
0.8500
0.8500
1.0500
0.9756
0.9812
0.9701
0.9949
0.9409
0.9904
1.0500
0.8500
0.8666
0.8500
0.8500
1.0500
1.0500
0.9709
0.8626
0.9275
0.8500
0.8861
1.0117
0.8500
0.9510
0.8500
0.8500
0.9807
0.8500
1.0500
0.8500
1.0500
1.0500
1.0012
0.8500
1.0422
0.8500
0.8685
0.8500
0.8500
0.9750
1.0500
0.8500
0.8500
0.8500
0.8500
0.8500
1.0500
0.8500
0.8500
0.8583
0.8500
0.8500
0.8500
0.8500
1.0500
0.9447
1.0500
0.8500
1.0300
0.9676
0.8500
1.0500
0.9729
0.8500
0.8500
0.9444
1.0500
1.0500
0.8848
0.8500
0.8500
0.8500
0.8500
1.0500
0.9294
1.0500
1.0500
0.9968
1.0500
1.0500
0.8500
1.0500
1.0347
0.9509
1.0178
0.8661
0.8500
0.8500
0.9608
0.8500
0.8500
0.8560
0.9204
0.8500
0.8500
0.8830
0.8500
1.0074
0.9072
0.8500
0.8500
0.8500
1.0218
0.8500
0.9827
0.8810
0.8500
0.8500
0.9561
0.8500
1.0500
0.8500
0.8500
0.9800
0.8500
1.0500
0.9443
0.8500
0.8500
1.0500
0.8500
0.8500
1.0500
0.9492
0.8500
0.8500
0.9774
1.0500
0.8500
0.9043
0.8500
0.8500
0.8500
0.8500
0.8500
0.8500
0.8580
0.8946
0.8500
0.9994
1.0500
0.8500
0.9149
1.0500
1.0500
1.0500
0.9211
0.8500
1.0489
1.0190
0.8500
0.8500
0.8500
0.8791
0.8500
0.9353
0.9831
1.0014
1.0500
0.9923
0.9167
1.0500
0.8883
0.8500
0.8500
0.8500
0.8500
1.0500
0.8778
1.0500
1.0500
1.0500
0.8500
1.0500
0.8500
0.8500
0.9794
0.8500
0.9292
1.0500
0.8756
0.9800
0.9139
1.0500
0.8500
0.8578
1.0219
1.0500
0.9258
0.8965
0.9183
0.9699
0.8500
0.8500
0.8500
0.9801
0.8500
1.0500
1.0500
0.8500
0.8771
0.8500
0.8827
0.8750
1.0246
1.0462
0.9263
0.8500
0.9636
0.8500
0.8500
0.9853
0.8884
1.0500
0.9537
0.8500
1.0500
1.0500
0.8500
0.8574
0.9509
0.9737
1.0500
0.9793
1.0500
0.8500
0.9217
1.0500
0.8500
1.0254
1.0500
1.0500
0.8582
0.8500
0.8500
0.8883
1.0500
0.9402
1.0500
1.0500
0.9636
0.8500
0.9976
1.0500
0.8500
1.0500
1.0075
0.8614
0.8500
1.0500
1.0500
0.9423
0.8500
0.8500
1.0500
0.8500
0.8500
1.0500
0.8500
0.8852
0.8500
0.8500
1.0500
0.9583
1.0500
0.8500
0.9008
0.8738
0.8500
0.9731
0.8678
0.8500
1.0500
0.8500
0.8500
0.8500
0.8500
0.8500
1.0033
0.8500
0.9778
0.9594
1.0500
0.8500
0.9713
0.8500
1.0500
1.0376
1.0470
0.9402
0.8500
0.8500
1.0500
0.8500
1.0500
0.8500
1.0500
0.9937
1.0209
0.9319
0.8500
0.8500
1.0331
0.8500
1.0500
1.0500
1.0500
1.0500
0.8500
0.9481
1.0500
0.8500
0.8500
0.8500
0.8500
0.9689
0.9282
1.0500
0.9044
0.8657
1.0214
0.8500
1.0500
1.0500
0.8500
0.9536
0.8500
0.9451
1.0500
0.8500
0.8500
1.0500
0.8500
0.9059
0.9070
0.8600
0.9938
0.8500
1.0061
0.8500
0.8500
0.8500
0.8500
0.9570
1.0500
1.0500
1.0500
0.8500
1.0500
0.8500
1.0500
0.8500
1.0500
0.8500
0.8500
1.0500
1.0500
0.9630
1.0378
1.0500
0.8500
0.8790
0.8500
0.8500
0.8500
1.0500
0.9400
0.9603
0.8500
0.8870
1.0365
0.8656
0.8500
0.9007
0.8500
0.8500
0.8500
0.9331
0.8500
0.8500
0.8500
0.8500
0.8500
0.8500
0.8667
0.8500
0.8500
1.0500
1.0393
0.8500
0.8500
0.8500
1.0500
0.8500
1.0500
0.8904
0.8500
0.8500
0.8500
0.9161
0.9651
0.8500
1.0353
1.0500
1.0500
1.0500
0.8500
0.8593
0.8500
1.0204
0.8500
0.8500
0.8500
0.9227
0.8884
0.8500
0.8500
0.8500
0.8500
0.8500
0.8500
0.9372
0.8693
0.8500
0.9900
0.8500
0.8500
0.8500
0.8500
0.8889
0.8500
0.9135
0.8500
0.8500
0.8500
1.0500
0.8500
0.8500
1.0500
1.0500
0.8500
1.0360
0.8500
0.8500
1.0500
0.8910
0.8500
1.0500
0.9590
1.0500
1.0500
1.0343
1.0482
0.8500
0.8854
0.9887
1.0500
0.8500
0.8500
1.0500
0.9403
0.8851
0.8937
1.0084
1.0500
1.0500
0.8500
1.0500
1.0500
0.8500
1.0098
0.9975
1.0500
1.0500
0.8500
0.8500
0.8500
1.0500
0.8500
0.8996
0.8500
0.8500
0.9621
0.8500
0.8500
0.9696
0.8500
0.8500
0.9209
0.9124
0.9411
1.0500
0.8500
0.9040
0.8500
0.9120
1.0500
0.8679
1.0214
1.0500
1.0500
0.8500
0.9327
0.8500
0.8500
0.9604
0.9014
0.8907
1.0500
0.8500
0.9041
0.8500
1.0500
1.0500
0.8500
1.0500
0.9449
0.9240
0.9919
0.9492
0.8500
0.8837
0.8508
0.8563
0.8500
0.8666
0.9462
0.8500
1.0500
1.0500
0.8500
0.9618
0.8888
0.9622
0.8506
0.9911
0.8500
0.8500
0.8500
0.8500
0.8833
0.8500
0.8500
0.8962
1.0480
1.0167
0.9159
0.8769
0.8722
1.0129
1.0500
0.8500
0.8542
0.8500
1.0500
0.8500
1.0500
0.8500
0.8500
0.9086
0.8500
1.0500
0.8786
1.0500
0.9688
0.8500
0.8500
0.9622
1.0500
0.8500
0.8500
0.8500
0.8500
1.0500
1.0500
0.9627
0.8500
0.8500
1.0477
0.8926
0.8914
0.8500
0.9389
1.0500
0.8510
0.8500
0.8500
0.8500
1.0500
1.0500
1.0480
0.9434
1.0500
1.0500
0.8500
0.8500
0.8500
1.0027
1.0032
0.8500
0.8500
0.8500
0.8500
0.8500
0.8500
1.0089
1.0500
0.9043
0.9068
1.0500
0.9855
0.9228
1.0500
0.9188
0.9058
0.8500
0.9463
0.8500
0.8739
0.8500
1.0500
0.8500
0.8858
0.8500
0.8500
1.0500
1.0309
0.8500
0.8500
0.8500
0.8500
0.8500
1.0500
0.8500
0.8500
0.8500
0.8500
1.0500
1.0500
1.0500
1.0500
0.8500
0.8500
1.0500
0.8908
0.8500
1.0500
0.8500
1.0500
0.9857
0.8500
0.8839
1.0058
0.8500
1.0500
0.8500
0.9802
0.8500
0.8500
0.9124
0.8500
0.8500
1.0500
1.0500
0.8500
1.0058
0.8500
1.0500
0.8500
1.0500
1.0500
0.9117
0.8500
0.8500
0.8500
0.8500
0.8500
0.8500
1.0500
0.9377
0.9096
0.8500
1.0179
0.8500
0.8500
0.8960
1.0500
1.0500
0.8500
0.9149
0.9845
1.0500
0.9040
0.8763
1.0500
1.0500
1.0500
0.8500
0.8500
0.8500
0.9166
1.0213
1.0500
0.9884
0.9431
0.8907
1.0302
0.9911
1.0500
1.0500
0.8500
0.8500
0.9829
0.8500
1.0500
0.8500
0.9049
0.9215
0.8500
0.8500
0.8500
0.8500
1.0500
1.0365
0.8500
0.9942
0.8500
0.8500
0.8652
1.0500
0.8500
1.0016
1.0199
0.8500
0.9096
1.0269
0.8500
0.9355
0.8500
0.8500
0.8500
0.8500
0.9821
0.8500
0.9827
1.0500
1.0500
0.9383
1.0500
1.0500
1.0500
0.8500
0.8500
0.8500
1.0500
0.8500
0.9821
0.8500
0.9242
0.8500
0.9159
1.0500
1.0481
0.8500
0.8500
1.0231
0.8500
1.0500
0.8542
0.8500
0.9773
0.8500
0.8500
0.8500
1.0500
0.9630
1.0500
0.8500
1.0500
0.8859
0.8500
0.8500
1.0500
0.9306
0.9997
0.8500
0.9086
0.8500
0.9927
0.8608
0.8500
0.8500
0.8922
0.9100
0.8500
0.8500
0.8822
0.8500
0.9104
1.0500
0.8500
0.8500
0.9529
1.0500
0.8500
1.0500
1.0500
1.0500
1.0500
0.8819
1.0192
0.8803
0.8500
0.8500
1.0395
1.0500
0.8500
0.8500
1.0500
1.0500
0.9362
0.9486
0.8789
0.8500
0.8500
0.9886
0.8500
1.0500
0.8643
0.8500
1.0500
0.8500
0.8500
0.8500
0.8541
0.9193
0.8500
0.8963
0.9218
0.8500
0.8500
1.0500
0.9398
1.0500
1.0489
1.0500
0.8500
1.0500
0.8500
0.8630
0.9032
0.9106
1.0500
0.9208
1.0500
0.9464
0.9110
1.0500
0.8500
0.8500
1.0500
0.8500
0.8920
1.0500
0.8951
0.8500
0.8500
0.8685
1.0500
0.8657
0.8500
0.8500
0.8500
0.9792
0.8742
0.8500
0.9377
0.8500
0.8500
0.9235
0.8812
0.8500
0.8500
0.8500
0.8500
0.8894
0.9776
0.8500
0.9186
0.8500
0.8500
1.0500
1.0104
0.8500
1.0500
1.0500
0.8500
1.0373
1.0500
0.8500
0.8500
0.8500
1.0500
1.0221
1.0500
0.8500
0.8500
0.8500
1.0324
0.9020
0.8500
0.9110
0.8602
0.9626
0.8500
1.0500
0.8500
0.8500
1.0500
0.8500
0.9042
1.0500
1.0500
1.0225
0.8500
0.8500
1.0500
0.8500
0.8500
1.0500
0.8500
0.8982
0.8500
0.9990
0.9106
1.0500
0.8898
0.9064
0.8500
0.8642
1.0500
0.8500
0.8500
0.8500
1.0500
0.8500
0.9041
0.9651
1.0500
0.8500
0.8500
0.8500
1.0500
1.0024
0.9119
0.9421
0.8500
0.8500
1.0500
1.0500
0.9992
0.8828
0.8500
0.8500
1.0500
0.8500
1.0500
0.8671
0.8500
0.9307
0.8508
0.8500
0.8500
1.0500
1.0500
0.8500
0.8500
0.8500
0.8824
1.0500
0.8537
0.8500
0.8500
0.9481
0.8500
0.8515
0.8500
0.8500
0.8604
0.8500
1.0500
0.8500
0.8500
0.8500
0.8500
0.9973
0.8500
0.8500
0.9752
1.0500
0.8500
0.8500
0.8500
1.0500
1.0500
0.8500
0.8500
0.8500
0.8500
0.9545
1.0282
1.0500
0.8500
1.0500
0.8500
0.8500
1.0500
0.8500
0.9003
0.9409
0.9421
0.9889
0.8500
0.8702
0.8500
0.9935
0.8500
0.9594
0.9509
1.0500
1.0500
1.0500
1.0500
0.9718
0.8500
0.8500
0.8500
1.0500
0.9601
0.8500
0.8500
0.9496
0.8507
1.0500
0.8500
0.8500
0.8500
0.9989
1.0500
1.0500
0.8500
1.0500
0.8500
0.8500
1.0500
0.8500
1.0500
1.0500
1.0500
0.9371
1.0500
0.8500
0.9672
1.0500
1.0500
0.8500
0.9362
0.8500
0.8500
0.8500
1.0500
0.8500
0.8500
1.0500
0.8500
0.8500
0.9347
0.8500
1.0500
0.8826
1.0500
0.8500
0.8500
0.8500
0.9937
1.0500
0.8500
1.0500
0.9342
0.8500
1.0042
0.9606
0.8500
1.0500
0.9580
0.9610
0.9068
1.0463
1.0500
0.8500
1.0500
0.8578
1.0464
1.0500
1.0500
0.8500
0.8500
1.0413
0.9651
0.8500
0.8532
0.8500
0.8500
1.0500
0.8500
0.8500
0.8500
1.0085
0.8500
0.8500
1.0090
0.8847
0.8500
0.9409
1.0500
0.8500
0.8500
0.8500
0.8500
0.8500
0.8500
0.8500
0.8500
0.9798
0.8500
0.8500
1.0500
0.8500
1.0500
0.9865
0.8500
0.8500
0.8657
1.0500
1.0500
0.8500
1.0500
0.8500
0.9545
0.8922
1.0500
1.0500
1.0500
0.8500
0.8500
1.0500
1.0500
1.0500
0.8500
1.0500
0.8547
1.0500
0.8857
1.0191
1.0500
0.8500
0.8500
1.0279
0.8906
1.0500
0.8710
0.9488
0.9811
0.8500
0.8500
0.8500
1.0500
0.8855
0.8500
1.0500
1.0500
0.8500
1.0500
0.8500
0.8500
0.8500
0.8500
0.8500
0.8733
0.9031
0.8500
0.8738
0.8500
0.8500
0.8998
0.8500
0.9804
0.8500
0.8500
0.8500
0.8500
0.8500
0.8500
0.9909
0.8500
0.8500
1.0500
0.9649
0.8671
0.8500
0.9639
0.9030
0.8500
1.0500
1.0500
1.0500
0.8797
1.0500
1.0133
0.8500
0.8500
0.8757
0.8500
1.0500
0.8500
0.8500
0.8996
1.0500
1.0500
0.9359
0.8500
0.8500
0.8500
1.0500
0.8500
0.8500
0.8863
0.8500
0.8500
0.8500
1.0157
0.8500
1.0428
0.9534
1.0500
1.0303
0.8500
0.8500
0.8545
0.8500
0.9927
0.9017
0.8500
0.8500
0.8500
0.8500
1.0500
0.8500
1.0500
0.9629
1.0500
1.0055
1.0500
0.8500
0.8500
0.9978
0.8500
1.0448
1.0000
0.8672
1.0500
0.8500
1.0500
0.8500
1.0500
0.9648
0.8500
0.8500
0.9183
1.0500
0.8500
1.0500
1.0500
1.0500
0.8500
1.0500
0.8500
1.0500
0.8500
0.8500
1.0500
1.0500
0.9413
0.9953
0.9041
0.8500
0.8500
1.0500
0.8500
1.0049
0.8500
0.9827
0.8500
1.0500
0.8500
1.0277
0.8500
1.0500
0.9120
1.0500
1.0500
0.8500
1.0180
0.8500
1.0144
0.8979
0.8500
1.0296
0.8500
0.8500
0.8500
0.8672
1.0500
0.8729
1.0409
0.8500
1.0500
0.8500
1.0500
1.0500
0.8500
0.8500
0.8500
1.0036
0.8500
0.8662
1.0027
0.8500
0.8500
0.8598
0.8500
1.0500
1.0500
1.0405
0.8736
1.0169
0.8500
0.8500
0.8500
0.8500
0.8500
0.8860
0.9604
0.8500
1.0500
1.0317
1.0500
0.9303
0.8500
1.0500
0.8500
1.0500
0.8500
1.0500
0.9977
0.8500
0.8500
0.8737
0.9042
0.8761
0.8500
1.0278
0.8500
0.9688
0.8500
1.0215
1.0500
0.9521
1.0028
1.0354
0.8500
1.0483
0.8500
0.9826
1.0500
0.8500
1.0500
0.8500
0.8500
0.9731
0.8500
1.0500
1.0184
1.0438
0.9469
0.8500
0.9025
0.8500
1.0417
1.0500
0.8500
1.0247
0.8500
0.8994
1.0500
1.0500
0.9508
0.8986
0.8500
0.8500
0.8500
1.0500
0.9433
1.0500
0.8745
0.9222
1.0414
0.8500
0.8500
1.0500
1.0424
1.0462
1.0240
0.8500
0.8500
1.0319
1.0500
1.0500
1.0500
0.8500
0.8500
1.0500
0.8980
1.0500
1.0500
0.8500
0.8500
1.0500
0.8500
0.8500
0.8500
1.0500
1.0500
0.9685
0.8500
1.0500
0.9533
0.8500
0.8687
0.8500
1.0500
0.8500
0.8791
1.0445
0.8500
1.0500
0.9556
0.8500
0.8500
0.8500
0.9787
0.8500
0.9390
1.0500
0.8500
0.8500
0.8826
1.0464
0.8500
0.8500
0.8516
1.0500
1.0351
0.8500
0.8900
0.8500
1.0336
0.8500
0.8500
1.0500
1.0083
0.9878
1.0158
1.0500
1.0500
1.0500
1.0208
1.0500
0.8500
0.8500
0.8500
1.0500
0.8500
0.8851
0.8500
0.8650
0.8500
0.8500
0.8500
0.8516
1.0500
0.8500
0.8500
0.8500
1.0377
0.8500
0.9984
0.8500
1.0500
1.0500
1.0500
0.8500
1.0500
0.9001
0.9994
1.0500
0.8500
1.0500
0.8500
1.0500
0.9804
0.8739
1.0445
1.0500
0.8500
0.8602
0.8500
0.8500
0.9969
0.8500
0.8500
0.8500
0.8500
0.8500
0.8844
0.9495
0.9923
1.0218
0.8500
0.9445
0.8500
0.8500
0.8500
1.0500
0.8500
0.8500
1.0500
0.8500
1.0500
0.8500
0.8500
0.8500
0.8890
0.9855
1.0500
1.0500
0.8658
1.0500
0.9501
1.0375
0.9290
0.9215
0.8682
1.0371
1.0500
1.0500
0.9394
0.9381
0.8500
1.0223
0.8500
0.8500
0.8500
1.0500
1.0500
0.8500
0.8500
0.8846
1.0500
1.0500
0.9972
0.8500
0.9359
0.9724
0.9316
0.9304
0.8500
0.8500
1.0500
0.8500
1.0500
0.8971
0.9713
1.0500
1.0500
0.8500
0.9881
0.8500
0.8500
0.8500
0.8500
1.0500
0.8500
0.9342
0.8500
1.0301
0.8598
0.8500
1.0048
0.8500
1.0445
0.8500
0.8500
0.9091
0.8500
1.0500
0.8500
0.8500
0.8500
1.0500
1.0174
1.0500
0.8500
0.8500
0.8500
0.8500
0.9455
0.9061
0.8500
0.8500
0.9399
1.0117
0.8500
0.8899
1.0500
0.8773
1.0500
0.8500
0.8500
0.9410
1.0444
0.9449
1.0500
1.0500
1.0088
0.9223
0.9475
0.8847
0.8500
0.9786
1.0500
0.8500
0.8500
0.8500
0.9621
0.8500
0.9275
0.8500
0.8500
0.8876
0.9292
0.9985
1.0500
0.8500
0.8500
0.8500
1.0500
0.9233
1.0500
0.8823
1.0383
1.0500
0.8500
1.0099
0.8500
0.9207
0.8595
0.8500
0.9783
0.9737
0.9436
1.0500
1.0500
0.8500
1.0500
1.0500
0.8500
0.9393
0.8500
0.9236
0.8693
0.8500
1.0308
1.0500
0.8500
0.8500
1.0500
0.8500
0.8500
0.8500
1.0500
0.8500
0.8500
0.8500
0.8500
1.0445
0.9395
0.8500
0.8975
0.8500
0.8500
1.0500
0.8500
0.8500
1.0500
0.8500
1.0500
0.9316
0.8500
1.0500
1.0500
0.8500
0.8745
0.8500
1.0500
1.0500
0.8500
0.8500
0.8500
0.8500
0.8500
1.0500
1.0500
0.8500
0.8735
0.8500
1.0500
1.0102
0.8500
0.8500
0.8500
1.0500
1.0500
0.9715
0.8500
0.9566
0.8500
0.8500
1.0500
1.0500
1.0500
0.8500
1.0056
1.0500
0.8500
0.8500
1.0500
0.8500
1.0483
0.8702
0.8500
0.8500
0.8500
1.0500
0.8803
0.8513
0.9822
0.8500
1.0500
0.9074
0.8500
1.0500
1.0500
0.8500
1.0467
0.8500
0.8500
0.9188
0.8500
0.8500
0.8500
0.8733
0.9633
0.9468
0.9171
1.0500
1.0500
1.0394
1.0500
0.8500
0.8500
0.9279
0.9875
0.9469
0.8500
1.0210
0.8500
1.0500
1.0500
1.0500
0.9220
0.9229
1.0500
0.9737
0.8500
0.8500
1.0500
1.0500
0.8500
1.0500
0.8500
1.0500
1.0500
0.8500
0.8543
0.9333
0.8500
0.8500
0.8500
0.9475
1.0500
1.0500
1.0500
0.8500
0.8500
0.8500
1.0500
1.0500
0.8500
1.0500
0.8500
1.0291
0.8500
0.8500
0.8873
1.0500
1.0500
0.9941
0.8500
0.8500
1.0276
0.8500
0.8500
0.8714
1.0500
1.0056
1.0500
0.9110
0.9916
0.8500
1.0500
0.8500
0.8500
0.9779
0.8500
0.8570
0.9158
1.0500
1.0500
0.8500
1.0500
0.8500
1.0219
1.0500
0.9038
0.8500
1.0322
1.0500
0.8530
1.0500
1.0500
0.9236
1.0500
1.0500
1.0203
0.8500
0.8500
0.8500
1.0500
1.0500
1.0143
1.0160
1.0500
0.8522
1.0004
1.0500
0.8500
1.0500
1.0500
0.9475
0.8500
0.8500
0.9292
0.9612
1.0500
0.9138
0.8500
1.0500
1.0500
1.0500
1.0500
0.8500
0.8500
0.8543
0.9008
0.8987
1.0500
0.8500
0.9965
0.8500
1.0500
0.9381
1.0500
0.9249
1.0500
0.8500
1.0500
1.0500
0.8500
0.8500
0.9747
0.8500
0.8500
0.8500
0.8500
0.8914
0.9321
0.8500
0.8780
0.8500
0.8500
0.8500
0.8500
0.8500
0.9503
0.8500
1.0500
0.8500
1.0500
0.8757
1.0016
0.9221
0.8500
0.8500
0.8500
1.0500
0.9041
0.8767
0.8500
0.8500
0.8500
1.0103
1.0500
1.0500
0.8500
0.9095
1.0156
0.8926
1.0500
